[195034.79244123932,1948405.0931457863],
[195034.78554383243,1948406.6906753397],
[195034.77430566875,1948408.9528384209],
[195034.77628049377,1948410.956669979],
[195034.78600777933,1948413.4615283022],
[195034.798115741,1948415.3834138166],
[195034.81412469954,1948417.634388063],
[195034.82511284738,1948419.3069249685],
[195034.83212370152,1948421.2657743406],
[195034.82885355575,1948422.8121340077],
[195034.81638802687,1948424.7690557726],
[195034.80477809085,1948426.3614203183],
[195034.7984527972,1948428.384613728],
[195034.78765162086,1948430.043673876],
[195034.78546113937,1948432.1627610011],
[195034.7684470171,1948433.8863667834],
[195034.75462366774,1948436.0882326008],
[195034.736173478,1948437.8854367367],
[195034.70585051688,1948440.168776743],
[195034.6879834921,1948442.0325388196],
[195034.67173348778,1948444.3961622594],
[195034.64188835872,1948446.799905988],
[195034.62240695834,1948448.706667647],
[195034.59767817854,1948450.95414185],
[195034.60646085124,1948452.667489387],
[195034.57924172486,1948454.3471750845],
[195034.56628984844,1948456.4411730464],
[195034.55115107735,1948458.117003153],
[195034.53113572893,1948460.2125579212],
[195034.52629176073,1948461.882834925],
[195034.50891310733,1948463.9706551316],
[195034.50084534244,1948465.630680522],
[195034.49402920314,1948467.705107344],
[195034.47303632105,1948469.7749834124],
[195034.45169639587,1948471.4307498909],
[195034.42753179514,1948473.5058641655],
[195034.40982154768,1948475.179106651],
[195034.40622217793,1948476.8550312994],
[195034.3944063029,1948478.967333692],
[195034.39040701522,1948481.086833545],
[195034.39226271067,1948482.7912529611],
[195034.39406567984,1948484.9274810948],
[195034.39274830656,1948486.6395802244],
[195034.3911387698,1948488.786412983],
[195034.38403071347,1948490.4961870513],
[195034.381771368,1948492.6357322498],
[195034.37247925167,1948494.3537808652],
[195034.37321499162,1948496.496254719],
[195034.37310299664,1948498.2191028364],
[195034.37292366335,1948500.3754178137],
[195034.364260458,1948502.1014513185],
[195034.36041357028,1948504.2642030304],
[195034.35530563447,1948505.9935196803],
[195034.351800897,1948508.1626791616],
[195034.35284248635,1948509.8984783639],
[195034.36170308213,1948512.072164271],
[195034.3578986272,1948513.8164319012],
[195034.3643764646,1948516.0064085235],
[195034.36323153003,1948517.764639415],
[195034.35813580308,1948519.972991067],
[195034.35748153747,1948521.7474894442],
[195034.36435878617,1948523.9201456176],
[195034.3861813553,1948525.55986799],
[195034.46655699896,1948527.463752568],
[195034.58400779153,1948528.8571192555],
[195034.84368164244,1948530.5296706504],
[195035.13596867304,1948531.8402798367],
[195035.70930797484,1948533.443111753],
[195036.46324947718,1948534.995232389],
[195037.2100642529,1948536.1962584036],
[195038.09426064254,1948537.3374621859],
[195039.3581766358,1948538.6729227966],
[195040.47078746365,1948539.7148972326],
[195041.95093614995,1948540.9607469726],
[195043.20137895516,1948541.9233609429],
[195044.82550491457,1948543.093597087],
[195046.18985652542,1948543.988562383],
[195047.9283902836,1948545.0652471657],
[195049.72038289392,1948546.0940335877],
[195051.18240174343,1948546.880223564],
[195052.6764536513,1948547.6245429195],
[195054.6039956012,1948548.4692850232],
[195056.60295280613,1948549.1920061056],
[195058.25545323789,1948549.678970324],
[195059.93627117312,1948550.0636539476],
[195061.99161594204,1948550.3906050278],
[195064.02299612918,1948550.5583483616],
[195065.65671429154,1948550.5820109097],
[195067.72461079384,1948550.5039073383],
[195069.39595591478,1948550.3239934465],
[195071.4922133168,1948549.9539612103],
[195073.16267870596,1948549.5183557018],
[195075.23402705573,1948548.7948402443],
[195076.85052665113,1948548.0765342268],
[195078.8399132725,1948546.9882164055],
[195080.38768390386,1948546.0079834813],
[195082.2688883517,1948544.6489446452],
[195083.7527198855,1948543.472825562],
[195085.5076733005,1948541.9285962605],
[195086.78541102906,1948540.70476788],
[195088.2276851212,1948539.1538294884],
[195089.25292330395,1948537.9596716862],
[195090.36684843776,1948536.4835218117],
[195091.13292854515,1948535.330373401],
[195091.91287694155,1948533.9300821247],
[195092.41534603413,1948532.8452541817],
[195092.95151401937,1948531.4557840948],
[195093.37410298167,1948529.9847942078],
[195093.60643259418,1948528.745501775],
[195093.7425163604,1948527.4404753475],
[195093.760911386,1948525.7560646534],
[195093.70866667063,1948524.3561908011],
[195093.58947860313,1948522.5539236679],
[195093.4845082156,1948521.0668615513],
[195093.33440786458,1948519.161098151],
[195093.20481930167,1948517.5853260516],
[195093.01749779552,1948515.5505984162],
[195092.8432956878,1948513.8809947527],
[195092.59535317868,1948511.7344757523],
[195092.37749533387,1948509.9730815864],
[195092.07657344482,1948507.7124490163],
[195091.84307140647,1948505.8589132503],
[195091.56219825931,1948503.491815116],
[195091.28304437766,1948501.0969508996],
[195091.1037850867,1948499.1834077297],
[195090.8967869503,1948496.7990551952],
[195090.7420080874,1948494.9756293618],
[195090.55568501234,1948492.7785322613],
[195090.4026504137,1948490.9911079311],
[195090.24212791363,1948489.1842758972],
[195090.03647228619,1948486.9669040372],
[195089.84300715153,1948484.86688148],
[195089.71067421752,1948483.2892464877],
[195089.55400031176,1948481.44110885],
[195089.4427687425,1948480.07753583],
[195089.3022121182,1948478.4844946917],
[195089.19580790197,1948477.2195718577],
[195089.0535800113,1948475.6262600168],
[195088.93161110094,1948474.3235199735],
[195088.7651921685,1948472.6856877552],
[195088.58033217068,1948471.4024325372],
[195088.25846461157,1948469.9085026481],
[195087.84204926854,1948468.8716662815],
[195087.16348525172,1948467.8309446862],
[195086.51689853848,1948467.2079159084],
[195085.5811811589,1948466.6013782865],
[195084.7372615179,1948466.241022667],
[195083.56642798547,1948465.9437098696],
[195082.29170625718,1948465.7532898076],
[195081.21080254126,1948465.680765349],
[195080.0629486485,1948465.642820084],
[195078.55961408047,1948465.6198788644],
[195077.305596996,1948465.5855203269],
[195075.68285984712,1948465.5181756183],
[195073.99915302335,1948465.4778919497],
[195072.59769931747,1948465.45342967],
[195071.1478413997,1948465.4405180018],
[195069.27318166982,1948465.4244092074],
[195067.7153276558,1948465.408610709],
[195065.75872899525,1948465.3687570614],
[195063.899759995,1948465.3153478839],
[195062.5094391186,1948465.273386211],
[195061.22140641836,1948465.236367063],
[195059.73963385835,1948465.1911364435],
[195058.32366404426,1948465.137196765],
[195057.22369092234,1948465.1041370186],
[195055.9656128599,1948465.0707038757],
[195055.73929770288,1948465.0667109748],
