[195034.62884749123,1948404.259669968],
[195034.62018207734,1948405.1376324678],
[195034.61601568377,1948406.4425675592],
[195034.6209949606,1948407.6411423176],
[195034.60555866224,1948409.3412215407],
[195034.6153745134,1948410.870358533],
[195034.62054541957,1948412.9223723805],
[195034.6342795724,1948414.945197724],
[195034.6442938611,1948416.4719975016],
[195034.66204971808,1948418.3099092583],
[195034.66870027952,1948419.769807639],
[195034.67346138335,1948421.5929947998],
[195034.67376154268,1948423.0561899398],
[195034.67603853406,1948424.8887001188],
[195034.67659440162,1948426.359493909],
[195034.67532234287,1948428.2048773079],
[195034.66127429047,1948429.681336849],
[195034.64735635373,1948431.5412031699],
[195034.6349581308,1948433.0339172075],
[195034.61567350742,1948434.9041766047],
[195034.5832242533,1948436.4124631477],
[195034.54943466524,1948438.305344225],
[195034.52247137928,1948439.821327677],
[195034.50101243192,1948441.7277469034],
[195034.48741838042,1948443.6367537645],
[195034.47081301626,1948445.1726732512],
[195034.45723131087,1948446.714977923],
[195034.44722186387,1948448.6713263157],
[195034.4478721674,1948450.2372437988],
[195034.45774366966,1948452.2261221586],
[195034.44136591224,1948454.2285485244],
[195034.44794367586,1948455.8521620843],
[195034.44397526074,1948457.900595727],
[195034.43901008225,1948459.550335836],
[195034.4438913877,1948461.2072527832],
[195034.4423476917,1948463.2933807867],
[195034.4483990809,1948465.394536738],
[195034.45688849702,1948467.0911929412],
[195034.4616866117,1948469.2250844191],
[195034.46282743936,1948470.941320286],
[195034.461538562,1948473.094842199],
[195034.46277646898,1948474.8327443243],
[195034.4680296542,1948477.0135314532],
[195034.45553643027,1948478.7656399743],
[195034.45203671214,1948480.9806096267],
[195034.43574718665,1948482.7598352716],
[195034.41072464891,1948484.9889375868],
[195034.38131228863,1948486.7454387757],
[195034.35222069523,1948488.4237696077],
[195034.30876804204,1948490.4712415577],
[195034.28591610587,1948492.0952057468],
[195034.25547647913,1948494.1233803637],
[195034.25329366466,1948495.7410977848],
[195034.23534101396,1948497.7580687727],
[195034.23075319262,1948499.3769450043],
[195034.231925574,1948501.3975794993],
[195034.23073604112,1948503.4189483833],
[195034.22821699516,1948505.0360934318],
[195034.2343777075,1948507.0529063984],
[195034.24237991092,1948508.6657279916],
[195034.25085561158,1948510.6790971474],
[195034.26449513246,1948512.2844745049],
[195034.2665382076,1948514.296055804],
[195034.26890846764,1948515.9037233118],
[195034.26567056772,1948517.912810385],
[195034.25972476034,1948519.5216424474],
[195034.2535685596,1948521.5336975367],
[195034.256163656,1948523.1429201183],
[195034.2665915351,1948525.1543179255],
[195034.29941542126,1948526.7630076904],
[195034.3945129829,1948528.7573547664],
[195034.62392775674,1948530.7492543582],
[195034.97404084963,1948532.3063690616],
[195035.4825743974,1948533.8328719568],
[195036.38784206624,1948535.6242145784],
[195037.30608871963,1948536.9655287382],
[195038.65471892897,1948538.4952729107],
[195040.18742033458,1948539.9111288812],
[195041.467485261,1948540.990781026],
[195043.15258633453,1948542.258757919],
[195044.54345515335,1948543.215108916],
[195046.32033817098,1948544.371123421],
[195047.75415445166,1948545.2580107318],
[195049.58817370704,1948546.2891810092],
[195051.09280839993,1948547.037929684],
[195052.62360260295,1948547.7177663795],
[195054.57051582768,1948548.4815591804],
[195056.15317277232,1948549.0197192836],
[195058.16823229968,1948549.59116891],
[195059.79982838326,1948549.955243007],
[195061.87981841117,1948550.2660782542],
[195063.98974102008,1948550.4137606646],
[195065.68052272592,1948550.4106584617],
[195067.70623662515,1948550.2850432042],
[195069.2352505896,1948550.1014753708],
[195071.04499619443,1948549.7680833132],
[195072.473321426,1948549.4273026085],
[195074.25589049136,1948548.8807863903],
[195075.6663236934,1948548.3547258072],
[195077.40659536436,1948547.581390141],
[195078.7950682176,1948546.861751488],
[195080.4950681137,1948545.8582774503],
[195081.83013896795,1948544.9570851834],
[195083.4676839101,1948543.7168454463],
[195084.7355747663,1948542.6229861462],
[195086.2601586675,1948541.1671601455],
[195087.41104204193,1948539.928117765],
[195088.7413841518,1948538.2810642633],
[195089.72176758506,1948536.9206750307],
[195090.83696431687,1948535.1235562435],
[195091.60312619735,1948533.677346597],
[195092.40741774067,1948531.9050437189],
[195092.9025399177,1948530.5276590688],
[195093.33190120547,1948528.8724350794],
[195093.55571172043,1948527.553119252],
[195093.698220831,1948525.8665857364],
[195093.70002682766,1948524.4788614912],
[195093.55986514752,1948522.706479214],
[195093.38458584432,1948520.8977208168],
[195093.22194181496,1948519.4147403026],
[195093.01419268068,1948517.5059088892],
[195092.83894230035,1948515.943297712],
[195092.61876438148,1948513.9506966693],
[195092.44059104272,1948512.3213192837],
[195092.25363935437,1948510.6698972383],
[195092.01615474737,1948508.5886554518],
[195091.81918642262,1948506.9150154898],
[195091.57525982024,1948504.8388576317],
[195091.39072695217,1948503.1836224783],
[195091.15784821546,1948501.208723464],
[195090.98678210046,1948499.7122125686],
[195090.7814166515,1948497.869993926],
[195090.5756874125,1948496.0073324223],
[195090.41828144898,1948494.49214577],
[195090.20991968134,1948492.5643656508],
[195090.0479316851,1948490.9877563058],
[195089.82365301505,1948488.9935976008],
[195089.65976641723,1948487.3703452055],
[195089.45395668026,1948485.3058878677],
[195089.3054778766,1948483.6395350744],
[195089.1224070365,1948481.5463960497],
[195088.98080717103,1948479.9283100793],
[195088.8451635244,1948478.3945577976],
[195088.68305265042,1948476.5855580147],
[195088.54952841904,1948474.8573410062],
[195088.44340105998,1948473.4870047064],
[195088.27748130244,1948471.8026378432],
[195088.0531175513,1948470.5368597414],
[195087.5946194225,1948469.1150405589],
[195087.08499695788,1948468.171382261],
[195086.26913286495,1948467.2019144446],
[195085.50013821482,1948466.5478338082],
[195084.39852450546,1948465.9264699514],
[195083.42968393088,1948465.5317197533],
[195082.0791660375,1948465.1959269792],
[195080.93020679164,1948464.9932258145],
[195079.39195884377,1948464.7991878674],
[195078.08865384397,1948464.6546462937],
[195076.37263883915,1948464.5574768998],
[195074.9356162951,1948464.5308663568],
[195073.05131770956,1948464.5211746474],
[195071.47553395998,1948464.5356547062],
[195069.44408710746,1948464.5682936455],
[195067.35885410482,1948464.6003280312],
[195065.68399656867,1948464.6127839957],
[195064.04629368542,1948464.6116932034],
[195062.11668784084,1948464.6076209624],
[195060.6921442428,1948464.5987563594],
[195059.0854387408,1948464.578836189],
[195058.7983829454,1948464.576899111],
