[195034.60375281595,1948403.531490449],
[195034.6269949662,1948404.3603081384],
[195034.65137348592,1948405.6334018013],
[195034.67214587342,1948407.1213560249],
[195034.68664253634,1948408.471080828],
[195034.7007277239,1948410.3857813783],
[195034.6968216004,1948412.0567037347],
[195034.69471148,1948414.309359409],
[195034.6873608927,1948416.2018446426],
[195034.67196359558,1948418.5806036468],
[195034.65834804976,1948420.4344695222],
[195034.64185752755,1948422.1882356657],
[195034.61747600074,1948424.2609938097],
[195034.60380591208,1948425.8972712876],
[195034.59992672197,1948427.9565686437],
[195034.59720178435,1948429.6308321722],
[195034.5956168891,1948431.7769083632],
[195034.592226165,1948433.9616002485],
[195034.587942608,1948435.7462860341],
[195034.5780417166,1948437.5575203204],
[195034.55508701937,1948439.8482134205],
[195034.53823476227,1948442.1735828863],
[195034.53290173385,1948444.0521630538],
[195034.51418177385,1948446.4259931543],
[195034.50076666212,1948448.343123533],
[195034.4918643306,1948450.7302590127],
[195034.49874473052,1948452.6410216908],
[195034.46988556892,1948455.0084786848],
[195034.4525198284,1948456.8866760242],
[195034.4285747044,1948459.2168602908],
[195034.40094679515,1948461.052296775],
[195034.37127089698,1948463.3110148008],
[195034.35242882688,1948465.0927947306],
[195034.33898083336,1948467.2876350295],
[195034.31908240443,1948469.0107783596],
[195034.30941777022,1948471.1389776545],
[195034.2937791114,1948472.8071022476],
[195034.29573230277,1948474.8689976519],
[195034.30359917186,1948476.494500647],
[195034.30870736422,1948478.4906619366],
[195034.3235749876,1948480.0845273547],
[195034.32760665356,1948482.0335501677],
[195034.3285534377,1948483.591748544],
[195034.32808440534,1948485.5237388045],
[195034.32380758636,1948487.063549393],
[195034.31073477285,1948488.9795045664],
[195034.297765646,1948490.5220636257],
[195034.297338498,1948492.4484091531],
[195034.29014789622,1948494.0015348156],
[195034.30114544596,1948495.9484326479],
[195034.3014954823,1948497.5085011139],
[195034.30785980125,1948499.4691800312],
[195034.32127955853,1948501.043325478],
[195034.33159416722,1948503.018827288],
[195034.34083741598,1948505.0187222357],
[195034.3516263737,1948506.6325553376],
[195034.3670876454,1948508.264259511],
[195034.3924364383,1948510.3210710213],
[195034.42782059588,1948512.3939255686],
[195034.44538476728,1948514.0727395564],
[195034.48158593333,1948516.1906230883],
[195034.50623423333,1948517.9057043798],
[195034.53957425142,1948520.0641670008],
[195034.56710097418,1948521.805767739],
[195034.61069080103,1948524.0031509732],
[195034.68754097138,1948525.7711699663],
[195034.80841708658,1948527.5450135241],
[195035.07790876456,1948529.7225351075],
[195035.41550701237,1948531.3712785896],
[195035.9631669045,1948533.2660993654],
[195036.51243911072,1948534.6186438543],
[195037.28337287472,1948536.141995957],
[195038.20466068122,1948537.533224838],
[195039.04031406212,1948538.57543732],
[195040.2714962341,1948539.802192701],
[195041.34302271286,1948540.7274539093],
[195042.7501104958,1948541.852692287],
[195043.9302348907,1948542.7260782851],
[195045.45904734576,1948543.7824206292],
[195046.72018608934,1948544.6018560047],
[195048.33550894004,1948545.5801692007],
[195049.6687305079,1948546.3202953825],
[195051.38014719562,1948547.185792992],
[195052.78729147423,1948547.8250805656],
[195054.59458584758,1948548.5607607372],
[195056.082643619,1948549.0726269067],
[195057.99839328058,1948549.610132487],
[195059.57377912893,1948549.9689809764],
[195061.59819222937,1948550.2978869376],
[195063.25672857134,1948550.445933556],
[195065.36623171243,1948550.4758413236],
[195067.08032479245,1948550.3736662962],
[195069.18815384194,1948550.1046193996],
[195071.16462816304,1948549.7173803153],
[195072.66432235416,1948549.3247782933],
[195074.52682786877,1948548.6917204047],
[195076.0128444344,1948548.0730656337],
[195077.4786661643,1948547.3489015808],
[195079.23773706818,1948546.3273027055],
[195080.5428141351,1948545.501574746],
[195082.0796718547,1948544.4431431224],
[195083.29096026724,1948543.5479643946],
[195084.78578529521,1948542.3419529626],
[195086.22518122787,1948541.0106239018],
[195087.34877490354,1948539.862899858],
[195088.66805319922,1948538.2992287744],
[195089.64175749104,1948536.9823562198],
[195090.51846885282,1948535.5776120261],
[195091.47761692957,1948533.745149145],
[195092.11597842438,1948532.2380346425],
[195092.76262203202,1948530.3743229231],
[195093.18420935862,1948528.5799203988],
[195093.39987349533,1948527.174638844],
[195093.52901733792,1948525.4241500774],
[195093.5267292423,1948524.0249020183],
[195093.45892214333,1948522.2591740363],
[195093.36215579853,1948520.847298273],
[195093.20934574775,1948519.0795668808],
[195093.0858039081,1948517.7166611122],
[195092.93669849448,1948516.102619181],
[195092.82174897756,1948514.8968392715],
[195092.6867754209,1948513.48176827],
[195092.58411836097,1948512.3607378132],
[195092.43534304528,1948510.9129844098],
[195092.30955074792,1948509.7161047992],
[195092.14007849648,1948508.1501166353],
[195092.00009066728,1948506.845251768],
[195091.8015194349,1948505.1472950524],
[195091.65968444676,1948503.7493117033],
[195091.46497450428,1948501.946876014],
[195091.32675689252,1948500.4674181745],
[195091.1351361538,1948498.569626137],
[195090.99140722267,1948497.0095002144],
[195090.81073384293,1948495.017694512],
[195090.66535471388,1948493.402146107],
[195090.47030765726,1948491.3150281785],
[195090.31559468748,1948489.6274857114],
[195090.1068344992,1948487.4754702966],
[195089.89468530595,1948485.2820141623],
[195089.7247374808,1948483.5034110502],
[195089.55540855805,1948481.7254135534],
[195089.3170292756,1948479.5584153088],
[195089.11187990106,1948477.9040105396],
[195088.84636714534,1948475.966844887],
[195088.623577317,1948474.5161897158],
[195088.2942059989,1948472.8571183889],
[195087.94587623246,1948471.6128728972],
[195087.37433393166,1948470.1347743582],
[195086.76359494467,1948469.0299011685],
[195085.7740603045,1948467.7961602323],
[195084.56538927802,1948466.8057455458],
[195083.44624516708,1948466.2299717942],
[195082.2663510818,1948465.786424258],
[195080.80645335632,1948465.4808501857],
[195079.41920897423,1948465.3355542654],
[195078.33778224804,1948465.2624220226],
[195076.98540383184,1948465.2160781203],
[195075.8695630097,1948465.1827908994],
[195074.42910051357,1948465.1428321982],
[195073.24004972083,1948465.1113531103],
[195071.7004204521,1948465.0755080672],
[195070.43298423232,1948465.0609390994],
[195068.80419851054,1948465.0400785562],
[195067.46160227753,1948465.0132922523],
[195066.09688827684,1948464.9764440164],
[195064.3706155233,1948464.919980653],
[195062.7245487183,1948464.8707497362],
[195061.50446045224,1948464.8248609006],
[195060.1196136596,1948464.7667877127],
[195059.1122995132,1948464.719640756],
[195058.01553672503,1948464.6757253022],
[195057.6517773079,1948464.6580000177],
