[195034.701419536,1948402.4086267212],
[195034.69754843423,1948403.5178700737],
[195034.69922756797,1948405.1156238867],
[195034.7100816498,1948406.5498516893],
[195034.71739709892,1948408.453269598],
[195034.7154553596,1948410.0898819773],
[195034.70188785464,1948412.1647962695],
[195034.71394296765,1948413.823868596],
[195034.703380295,1948415.8694885613],
[195034.69216025976,1948417.484794492],
[195034.68517952555,1948419.483210944],
[195034.67314366883,1948421.0646415437],
[195034.6385899238,1948423.0299502788],
[195034.62061827513,1948424.5819970737],
[195034.59951230505,1948426.5090468163],
[195034.5899732968,1948428.044766972],
[195034.55720714724,1948429.976493751],
[195034.54832496317,1948431.5130526447],
[195034.53961487432,1948433.4303695946],
[195034.53696573354,1948434.9630534071],
[195034.54490953402,1948436.8745678363],
[195034.53621895632,1948438.408685947],
[195034.5251393645,1948440.3228102024],
[195034.5219891772,1948441.848844008],
[195034.52192381345,1948443.7629981819],
[195034.52174916558,1948445.6737205542],
[195034.50631334024,1948447.1960521236],
[195034.50617780272,1948448.7241443102],
[195034.50400298228,1948450.6205207894],
[195034.51409386244,1948452.143365031],
[195034.49933247274,1948454.0455648818],
[195034.50316465666,1948455.5711150118],
[195034.49502670032,1948457.4786095775],
[195034.4914020131,1948459.3905150222],
[195034.49738331715,1948460.9169638667],
[195034.49064071826,1948462.440274724],
[195034.48811743277,1948464.3421887292],
[195034.48554550312,1948466.2401943707],
[195034.48597463444,1948467.7594833246],
[195034.48138244872,1948469.2733463508],
[195034.47575771174,1948471.1606272971],
[195034.46337288243,1948473.0424093355],
[195034.46151736152,1948474.5456777099],
[195034.46459352234,1948476.4343711094],
[195034.4703579776,1948477.9482627453],
[195034.48724126833,1948479.8417851003],
[195034.4836180834,1948481.3426511744],
[195034.48912111795,1948483.2240149085],
[195034.4943119459,1948484.7280364758],
[195034.50064293135,1948486.605072663],
[195034.50470411408,1948488.1016198043],
[195034.49968548896,1948489.9674888435],
[195034.4965862523,1948491.4545509492],
[195034.50386675715,1948493.3077207608],
[195034.5057451797,1948494.7856548931],
[195034.51038814895,1948496.6254042918],
[195034.5176730606,1948498.1003938012],
[195034.52920262876,1948499.9422994119],
[195034.53586479186,1948501.4150001707],
[195034.54361638086,1948503.2538183758],
[195034.54326774803,1948504.7306225023],
[195034.5484927897,1948506.5694428878],
[195034.5542186906,1948508.0440690783],
[195034.56441620883,1948509.8824721978],
[195034.57688686272,1948511.3545584271],
[195034.5885345466,1948513.1924638231],
[195034.6030900113,1948514.6663023592],
[195034.6083435031,1948516.5089532011],
[195034.6156622361,1948517.986124171],
[195034.621066529,1948519.83082466],
[195034.62737418216,1948521.6811374894],
[195034.633117282,1948523.1608524593],
[195034.637819162,1948524.6420319744],
[195034.65649661192,1948526.4877815698],
[195034.70343095093,1948527.956717441],
[195034.84809349326,1948529.786710356],
[195035.1373738541,1948531.599657639],
[195035.52323260446,1948533.0200347516],
[195036.20080029362,1948534.7321763295],
[195036.91203387338,1948536.0337226284],
[195037.78780049217,1948537.2602515295],
[195039.06279807273,1948538.6623176394],
[195040.2084504289,1948539.7224582941],
[195041.7130379084,1948540.9699557382],
[195042.99473756494,1948541.8976227674],
[195044.63397322537,1948543.0105167471],
[195045.97588202398,1948543.8758123561],
[195047.6787472829,1948544.9022050272],
[195049.06113225684,1948545.6791444586],
[195050.82683527286,1948546.583924062],
[195052.26086912287,1948547.249915845],
[195054.07443712035,1948548.0254472557],
[195055.92167689174,1948548.7136297538],
[195057.41306740663,1948549.2199360107],
[195059.31025746715,1948549.7711382427],
[195060.84791758104,1948550.1387430087],
[195062.4081805231,1948550.426024538],
[195064.39651193898,1948550.655786844],
[195066.4101176381,1948550.745897091],
[195068.030146883,1948550.7206751618],
[195070.05716785998,1948550.5097604902],
[195071.65994473413,1948550.1882939807],
[195073.64600765755,1948549.6048972285],
[195075.20533758987,1948548.9988044351],
[195077.08697786636,1948548.0582542557],
[195078.56225002083,1948547.1719892707],
[195080.35801050882,1948545.9523958522],
[195081.7432120944,1948544.873677743],
[195083.45676692718,1948543.443766452],
[195084.80938061702,1948542.263084877],
[195086.391775763,1948540.8104214312],
[195087.55282343394,1948539.6641827824],
[195088.83462535925,1948538.2428236594],
[195089.74198506871,1948537.1486142285],
[195090.7142928624,1948535.8026989736],
[195091.37056661188,1948534.751518441],
[195092.0346219845,1948533.4890097934],
[195092.56294334313,1948532.2859470178],
[195092.88817040616,1948531.3509809377],
[195093.21501000735,1948530.1627386268],
[195093.42250028404,1948529.1755070193],
[195093.54402445303,1948528.1429368432],
[195093.60992334218,1948526.8043868241],
[195093.60161087153,1948525.696638587],
[195093.52424122734,1948524.274755234],
[195093.44229919248,1948523.103873117],
[195093.29772256594,1948521.58958899],
[195093.15215589726,1948520.0291832362],
[195093.01920143294,1948518.733133428],
[195092.8858491634,1948517.3993696906],
[195092.7045357119,1948515.67281091],
[195092.5477105188,1948514.2387914383],
[195092.3444505749,1948512.371200486],
[195092.12094374708,1948510.4234247697],
[195091.9314360514,1948508.8095902507],
[195091.72768926498,1948507.1431933602],
[195091.46735919686,1948505.0048963767],
[195091.23076398575,1948502.8204952176],
[195091.0473380658,1948501.0431086018],
[195090.82262712577,1948498.7857726356],
[195090.6517295315,1948496.9624586126],
[195090.42883875084,1948494.6841115018],
[195090.2464227404,1948492.8712122086],
[195090.01760908938,1948490.6034066523],
[195089.82339873863,1948488.7960754335],
[195089.59327922252,1948486.558759701],
[195089.4245245894,1948484.8458136665],
[195089.2361805861,1948482.8267062262],
[195089.0990032859,1948481.3182998002],
[195088.92929767538,1948479.5738565132],
[195088.80035172068,1948478.2697225467],
[195088.63906847264,1948476.6824901723],
[195088.5317021686,1948475.413654159],
[195088.39785748356,1948473.8070978713],
[195088.28006705482,1948472.5194082148],
[195088.11128251316,1948470.9070723876],
[195087.83891333532,1948469.6978812772],
[195087.33424514678,1948468.3561608996],
[195086.79431523322,1948467.4847077518],
[195086.00178688363,1948466.6536396272],
[195085.35086392314,1948466.1503422575],
[195084.46046080303,1948465.6998283225],
[195083.70539679547,1948465.4439428083],
[195082.68934746995,1948465.208639623],
[195081.8113567254,1948465.110251682],
[195080.63431480006,1948465.0388999663],
[195079.6175450924,1948465.0395235834],
[195078.2527797013,1948465.0413896025],
[195076.79408113952,1948465.0400961372],
[195075.53928696128,1948465.0361227498],
[195074.21793757478,1948465.0398480208],
[195072.46638143185,1948465.0442585945],
[195070.992215522,1948465.0571201944],
[195069.05905759693,1948465.0816523496],
[195067.44410079328,1948465.099690256],
[195065.37005213217,1948465.0868908784],
[195063.6995370426,1948465.085529877],
[195061.72020632142,1948465.0815893803],
[195060.3102111881,1948465.0802960335],
[195058.96246253574,1948465.0474726898],
[195058.7435911194,1948465.0446414654],
