[195034.5718213207,1948403.2881807568],
[195034.55590211455,1948404.7424239677],
[195034.5334048112,1948406.92456858],
[195034.50960634064,1948408.8918020676],
[195034.4875721676,1948411.4583700385],
[195034.48645163598,1948413.4378366575],
[195034.49484676897,1948415.7698917643],
[195034.50568515304,1948417.509626579],
[195034.53021374866,1948419.5673031427],
[195034.54308701833,1948421.1933444466],
[195034.54212596276,1948423.258276103],
[195034.54048144104,1948424.9379258994],
[195034.53862137534,1948427.072090007],
[195034.53658336963,1948428.816162174],
[195034.5302933151,1948431.0456182482],
[195034.5290916542,1948432.8602652184],
[195034.53271067332,1948435.1659175612],
[195034.5269517439,1948437.047698775],
[195034.50689835148,1948439.4383857048],
[195034.50176248953,1948441.383404285],
[195034.4864382184,1948443.8545812932],
[195034.46335276324,1948445.8573383326],
[195034.43985696614,1948448.3991004687],
[195034.4279795704,1948450.9856182807],
[195034.44623689825,1948453.0911749522],
[195034.44622716992,1948455.1886617097],
[195034.46719137294,1948457.7064185434],
[195034.49827913733,1948460.0630170496],
[195034.538501389,1948461.8224615688],
[195034.55363433328,1948463.4682327313],
[195034.58110485782,1948465.4087218987],
[195034.6076132696,1948467.3323092158],
[195034.62058520966,1948468.8901619401],
[195034.63888516105,1948470.4717622844],
[195034.6389108577,1948472.4757373831],
[195034.6322491689,1948474.528519157],
[195034.62715447278,1948476.1966764717],
[195034.6296975209,1948478.3073208819],
[195034.62625292252,1948480.0291407176],
[195034.6058094721,1948482.1911975227],
[195034.59026962228,1948483.939795037],
[195034.5636439173,1948486.1441434447],
[195034.54439660496,1948487.9183360476],
[195034.50337649643,1948490.1418187758],
[195034.4736273997,1948491.9263424824],
[195034.4412488244,1948494.1684661321],
[195034.42880097346,1948495.9692421944],
[195034.39936137595,1948498.2273172052],
[195034.37190648622,1948500.048855475],
[195034.32933579656,1948502.3395919357],
[195034.29958434435,1948504.1942701726],
[195034.28203027765,1948506.5189096034],
[195034.27436862615,1948508.3880061225],
[195034.278512047,1948510.7314585638],
[195034.302096636,1948512.612134795],
[195034.3242147649,1948514.977603182],
[195034.335744346,1948516.8609439642],
[195034.3592060327,1948518.7447617636],
[195034.39162643964,1948521.077532751],
[195034.42593855338,1948523.3101548662],
[195034.47154283294,1948525.3896634628],
[195034.53584006484,1948526.933941173],
[195034.63682258842,1948528.366122378],
[195034.8234050544,1948530.0937117042],
[195035.11275874326,1948531.7640594123],
[195035.47532191378,1948533.0607484863],
[195036.05926900546,1948534.622276908],
[195036.68965653813,1948535.7908445948],
[195037.43265154952,1948536.9128996024],
[195038.52621535934,1948538.1940952945],
[195039.5324851843,1948539.1276869436],
[195040.8555459461,1948540.2726557567],
[195041.9392034444,1948541.1488780926],
[195043.34952014108,1948542.20324042],
[195044.78130101043,1948543.2234427214],
[195045.95756492717,1948544.0000297828],
[195047.14971998637,1948544.7464923402],
[195048.67221444307,1948545.6372344668],
[195050.24816525567,1948546.4866098408],
[195051.5412255715,1948547.1336474773],
[195053.2011655884,1948547.897220836],
[195054.56819173007,1948548.4675318464],
[195056.33244283212,1948549.1033787746],
[195057.8004067073,1948549.53294067],
[195059.6820580428,1948549.9943663427],
[195061.23224948943,1948550.278234184],
[195063.22721302768,1948550.5207166781],
[195064.8589506179,1948550.6303149574],
[195066.93531641737,1948550.6226607815],
[195068.61848837085,1948550.5043239105],
[195070.74845069306,1948550.2246736828],
[195072.45026594005,1948549.8534875736],
[195074.58114659338,1948549.2075102052],
[195076.18405181792,1948548.5810041623],
[195078.01056025,1948547.69126202],
[195079.35526636647,1948546.922356289],
[195080.8894133284,1948545.9144121197],
[195082.06472410334,1948545.052280856],
[195083.49844965708,1948543.883203709],
[195084.61499991984,1948542.8644272478],
[195085.99029380156,1948541.5075045319],
[195087.3140312072,1948540.0566093908],
[195088.33265428574,1948538.8135517957],
[195089.30310966444,1948537.5332117323],
[195090.4131745887,1948535.8148364883],
[195091.35845989743,1948534.00934488],
[195091.9600088519,1948532.4895022241],
[195092.44596673478,1948530.936513627],
[195092.83643062052,1948528.9855522057],
[195093.04048433033,1948527.116349235],
[195093.11202548584,1948525.7052041409],
[195093.10693204406,1948524.3317263387],
[195093.04046908364,1948522.620434356],
[195092.9568243985,1948521.2270385318],
[195092.8018138206,1948519.4642553767],
[195092.60594349966,1948517.654556313],
[195092.43832342784,1948516.1841984142],
[195092.2266535162,1948514.3074602159],
[195092.08039009143,1948512.7853342649],
[195091.9549139637,1948511.2296687937],
[195091.81355375834,1948509.255490501],
[195091.6752310303,1948507.2522047039],
[195091.5569239018,1948505.6210655635],
[195091.42407272558,1948503.9713894834],
[195091.24868239462,1948501.8836759022],
[195091.0762420596,1948499.7645877078],
[195090.92134984187,1948498.0507459196],
[195090.72971451128,1948495.882360099],
[195090.57653860436,1948494.1326243791],
[195090.38675319683,1948491.9176848948],
[195090.22436129072,1948490.126860545],
[195090.01643221508,1948487.8813640643],
[195089.85045127576,1948486.0853311103],
[195089.65762985736,1948483.85885384],
[195089.51567328177,1948482.156071711],
[195089.3375086192,1948480.1471153465],
[195089.19376846295,1948478.6569699522],
[195089.0173124596,1948476.913147013],
[195088.87592548423,1948475.625927562],
[195088.7054024251,1948474.1308803158],
[195088.5656163517,1948473.0256844128],
[195088.39099368977,1948471.7536693679],
[195088.22802951964,1948470.820593056],
[195087.98162885505,1948469.7478567683],
[195087.7029237211,1948468.9307524422],
[195087.22000713192,1948467.987912294],
[195086.69452317266,1948467.3360119544],
[195085.87977823877,1948466.6829955727],
[195085.1533935032,1948466.2609052036],
[195084.14027418717,1948465.9623799275],
[195083.27868272632,1948465.7792706322],
[195082.11881666692,1948465.6985821787],
[195080.87898752838,1948465.632398683],
[195079.8050686954,1948465.562210994],
[195078.34189239657,1948465.445551503],
[195077.07916289594,1948465.3898977397],
[195075.70979694248,1948465.308697962],
[195073.88492308438,1948465.2432381103],
[195072.37302418874,1948465.2431120274],
[195070.46833932443,1948465.235708036],
[195068.5406670643,1948465.2293405198],
[195066.9744602049,1948465.1914971487],
[195065.00669051826,1948465.1437630246],
[195063.44434563405,1948465.1070986611],
[195061.58618095246,1948465.0778451809],
[195060.20853139978,1948465.0589283323],
[195058.6187364031,1948465.0011721214],
[195058.6187364031,1948465.0011721214],
