[195034.60788401516,1948410.9615007273],
[195034.5949116867,1948412.5833617277],
[195034.5859693177,1948414.6783322901],
[195034.59955819265,1948416.383155876],
[195034.61069178575,1948418.5445361552],
[195034.6184901802,1948420.3044801028],
[195034.6155267894,1948422.5410319695],
[195034.61675199377,1948424.3636763815],
[195034.6129359793,1948426.6916911257],
[195034.60833711497,1948428.6007758463],
[195034.60702093807,1948431.0356601472],
[195034.60596389612,1948433.0248285152],
[195034.6083605448,1948435.4555038465],
[195034.61035966384,1948437.306550445],
[195034.6226463768,1948439.5418484185],
[195034.63468240385,1948441.3138978865],
[195034.65724401656,1948443.546449194],
[195034.66963098844,1948445.3450651625],
[195034.66685999196,1948447.6162273597],
[195034.68102423666,1948449.4624036148],
[195034.67579408875,1948451.789744486],
[195034.66781897828,1948453.6774799451],
[195034.66542453636,1948456.0461489563],
[195034.64869687206,1948457.9526786646],
[195034.62976460467,1948460.3717542489],
[195034.62467134907,1948462.3475662263],
[195034.61685948583,1948464.8665116902],
[195034.6075388034,1948467.4204095877],
[195034.58940145554,1948469.4794976853],
[195034.5648466886,1948472.063683345],
[195034.5546286283,1948474.1492131164],
[195034.54812706576,1948476.2416671899],
[195034.54807438987,1948478.7955835238],
[195034.55102151755,1948480.7306056223],
[195034.548870172,1948482.9770937853],
[195034.54918111916,1948484.6475832725],
[195034.54595530083,1948486.59889836],
[195034.53432180115,1948488.515147991],
[195034.52702095153,1948490.0732896132],
[195034.50863569533,1948492.076455449],
[195034.49635450123,1948493.7249278475],
[195034.48029542624,1948495.835427618],
[195034.46237608357,1948497.558812984],
[195034.44734346683,1948499.7566715293],
[195034.44292237773,1948501.5411464558],
[195034.43300049275,1948503.800490178],
[195034.42496310017,1948505.6310830407],
[195034.41941879358,1948507.9544457584],
[195034.4132533751,1948509.8267194228],
[195034.40142543867,1948512.1800271275],
[195034.38817988997,1948514.0141674902],
[195034.37272410857,1948516.1711671313],
[195034.35520393026,1948517.7859433142],
[195034.33215698917,1948519.7505856822],
[195034.3158458444,1948521.327797599],
[195034.29831997544,1948523.3107303993],
[195034.28248555877,1948524.900169026],
[195034.28892398448,1948526.8696803984],
[195034.3579761002,1948528.4099061405],
[195034.5739347188,1948530.3016417637],
[195034.87536269845,1948531.7621910477],
[195035.49301876998,1948533.498121008],
[195036.10807325807,1948534.815917854],
[195037.08689975942,1948536.3322929575],
[195038.249334951,1948537.7387694386],
[195039.2772450169,1948538.8139720699],
[195040.41272092462,1948539.8544626778],
[195041.91733202065,1948541.1025619206],
[195043.51608351764,1948542.3097426859],
[195044.833774011,1948543.2655862756],
[195046.20108699152,1948544.1915032573],
[195047.9518298329,1948545.303300149],
[195049.38766011453,1948546.154962007],
[195051.24562233262,1948547.1439703268],
[195052.76880064388,1948547.8615184058],
[195054.7248056856,1948548.6543777161],
[195056.31754425043,1948549.1924827392],
[195058.33759494452,1948549.7498984577],
[195060.37752016183,1948550.1695848089],
[195062.02402370088,1948550.3955626746],
[195064.0988757133,1948550.5265952568],
[195065.75751033006,1948550.5106717444],
[195067.8238668039,1948550.3691740294],
[195069.46458763338,1948550.1453992072],
[195071.48214692567,1948549.7220264412],
[195073.0864298013,1948549.2698732524],
[195074.65913222745,1948548.7170693977],
[195076.562625589,1948547.8880128479],
[195078.42342992744,1948546.902533532],
[195079.86294402837,1948546.0206956055],
[195081.60565574837,1948544.8033349763],
[195082.98061756682,1948543.7861503572],
[195084.6499610824,1948542.4408208146],
[195085.90901262814,1948541.3455162903],
[195087.0716176605,1948540.2589113617],
[195088.36566643327,1948538.8808319708],
[195089.48399703516,1948537.5546169763],
[195090.28120130705,1948536.4610992942],
[195091.15654806682,1948535.035397394],
[195091.7683627484,1948533.8543927853],
[195092.4085264335,1948532.3072551908],
[195092.84922547507,1948531.0168686311],
[195093.23773703532,1948529.3425732255],
[195093.44653594762,1948527.9659300041],
[195093.54781683953,1948526.205299602],
[195093.5086862511,1948524.7673376463],
[195093.36872788364,1948522.949317513],
[195093.22357316746,1948521.4699052158],
[195093.0147325133,1948519.591725056],
[195092.85864408466,1948518.0393079321],
[195092.63712398004,1948516.0320049168],
[195092.45194539876,1948514.3648161576],
[195092.23753909158,1948512.2161705827],
[195092.04319646079,1948510.4361289488],
[195091.8023513733,1948508.1474531365],
[195091.60351511295,1948506.2702967727],
[195091.34747821328,1948503.9065269462],
[195091.1403402877,1948502.00098682],
[195090.89140506356,1948499.6201818688],
[195090.69577272132,1948497.7174916132],
[195090.4482680385,1948495.335765529],
[195090.26170566573,1948493.441240844],
[195090.01983201865,1948491.058752793],
[195089.818711908,1948489.1601954359],
[195089.6054118162,1948486.7853764545],
[195089.43359337962,1948484.9400465204],
[195089.24184618067,1948482.7606551861],
[195089.10893148487,1948481.1209765791],
[195088.93722069106,1948479.2181289599],
[195088.77798107528,1948477.4603737167],
[195088.63373053374,1948476.154451416],
[195088.46583220997,1948474.6375940642],
[195088.3231928274,1948473.4660378625],
[195088.10915571096,1948472.307723316],
[195087.77379577418,1948470.847174296],
[195087.40234511584,1948469.689824723],
[195086.72857208175,1948468.3446720599],
[195085.8436931696,1948467.2431615256],
[195085.05666332247,1948466.5951980634],
[195084.0291780936,1948466.065779142],
[195083.22919138978,1948465.7773485696],
[195082.17670240224,1948465.5905612854],
[195081.31587960746,1948465.5120978386],
[195080.42799000393,1948465.4738105456],
[195079.27310577963,1948465.4411926],
[195078.079066647,1948465.381798044],
[195077.10146953544,1948465.3467264958],
[195075.8355253119,1948465.289901371],
[195074.78723173373,1948465.266507412],
[195073.42271806594,1948465.233255464],
[195072.2861070325,1948465.2109793944],
[195070.81184134752,1948465.1985627643],
[195069.587407477,1948465.1764895753],
[195067.99906525124,1948465.1398072345],
[195066.69129745822,1948465.1000001007],
[195065.01710574212,1948465.05637872],
[195063.67799040262,1948465.0396772958],
[195062.0970540282,1948465.025072926],
[195060.9331954677,1948465.008546379],
[195059.612460844,1948464.9830653577],
[195058.67087504244,1948464.9646650343],
[195057.7082913774,1948464.9490861464],
[195057.44453497234,1948464.9458304348],
