[195034.4475076777,1948401.4824245188],
[195034.46634465596,1948402.1760575015],
[195034.47067252937,1948403.309984341],
[195034.48827393228,1948404.7405613433],
[195034.48040173942,1948406.112252491],
[195034.49379939152,1948408.046483323],
[195034.4976578056,1948409.7971862708],
[195034.49642687317,1948412.0855762851],
[195034.51357970067,1948413.8663240543],
[195034.52659381204,1948415.9599465036],
[195034.53087067528,1948417.5193030164],
[195034.53834750634,1948419.3510829948],
[195034.5388133889,1948420.7911867409],
[195034.52985132937,1948422.2373391741],
[195034.52727200446,1948424.0552695175],
[195034.52119127035,1948425.8886815289],
[195034.51970958352,1948427.3629859218],
[195034.51837758804,1948429.2201229385],
[195034.51336136728,1948430.7192574472],
[195034.4911545799,1948432.6074936702],
[195034.48747297976,1948434.1273849527],
[195034.4968352938,1948436.0500464868],
[195034.49584097238,1948437.5957032745],
[195034.48624157923,1948439.5387432214],
[195034.49782739545,1948441.0984968967],
[195034.50392707644,1948443.066230131],
[195034.51095189192,1948445.0399617373],
[195034.50777759575,1948446.625512077],
[195034.5173861049,1948448.6283536288],
[195034.53313014246,1948450.2300231596],
[195034.5556979978,1948452.2568469818],
[195034.5562369816,1948453.8899968527],
[195034.57958248508,1948455.5345447895],
[195034.58825182164,1948457.5767420435],
[195034.60523430613,1948459.1385669995],
[195034.62242011004,1948460.9538808817],
[195034.61851346435,1948462.295550285],
[195034.62477583357,1948463.8911617238],
[195034.6239079885,1948465.1674364805],
[195034.62747711915,1948466.7934574794],
[195034.62662138097,1948468.4606665839],
[195034.6311098741,1948469.8239241054],
[195034.6244520408,1948471.5584299676],
[195034.61897244875,1948472.9717037312],
[195034.6192573367,1948474.7832579138],
[195034.6073997361,1948476.2562952316],
[195034.61056580817,1948478.131467402],
[195034.62022379346,1948479.6748234003],
[195034.61504312936,1948481.6178120305],
[195034.61175833803,1948483.2009131012],
[195034.61773732942,1948485.2052427854],
[195034.6108675654,1948486.8383279212],
[195034.59425773483,1948488.9055562012],
[195034.58878096635,1948490.578235617],
[195034.58011708665,1948492.2674416704],
[195034.56975296102,1948494.4133218594],
[195034.56715461749,1948496.146856822],
[195034.56076133944,1948498.3407071459],
[195034.5592200268,1948500.5709612416],
[195034.5465134192,1948502.3736836186],
[195034.53585342632,1948504.6618498466],
[195034.5223681002,1948506.5142615808],
[195034.5098845332,1948508.8551361093],
[195034.50019435096,1948510.7459044936],
[195034.49536897283,1948513.1242330999],
[195034.49152371447,1948515.014545396],
[195034.46769428765,1948517.2544675523],
[195034.4542826576,1948518.9319934095],
[195034.43956625415,1948520.8743940156],
[195034.44238455384,1948522.3202991362],
[195034.48757841223,1948524.0864242234],
[195034.54968552155,1948525.498276998],
[195034.65026997036,1948527.2699465905],
[195034.76305275457,1948528.6767137207],
[195035.00377104292,1948530.4347170044],
[195035.32774149562,1948531.8143964396],
[195035.921645331,1948533.4948776164],
[195036.69068496933,1948535.1086374873],
[195037.42118155546,1948536.3655905742],
[195038.4977390004,1948537.8546142282],
[195039.5093812317,1948538.9362315456],
[195040.62618969515,1948539.9609052055],
[195042.11746392987,1948541.1484550664],
[195043.37907182658,1948542.0542512743],
[195044.95842476515,1948543.1903809449],
[195046.26525684964,1948544.062599193],
[195047.93843525404,1948545.0746625988],
[195049.65986720636,1948546.0138639433],
[195051.07361457747,1948546.701033217],
[195052.87417087372,1948547.4888793807],
[195054.32750252905,1948548.0981679477],
[195056.17512665348,1948548.8000909782],
[195057.6860998436,1948549.2887594632],
[195059.61465755609,1948549.8156138756],
[195061.19671151406,1948550.1483579008],
[195063.19626740148,1948550.449493102],
[195064.79401158335,1948550.601509729],
[195066.75486397705,1948550.612628566],
[195068.23362562034,1948550.5318050806],
[195069.99203778076,1948550.339186022],
[195071.37023026316,1948550.051147361],
[195073.1089946963,1948549.5616282555],
[195074.8434213824,1948548.8987950908],
[195076.21050281668,1948548.234909816],
[195077.55968965968,1948547.4551369448],
[195079.24080790076,1948546.3279021448],
[195080.56397352542,1948545.343415613],
[195082.22417622208,1948544.068372397],
[195083.49153628625,1948543.0584141146],
[195084.95194916488,1948541.7910607418],
[195086.26022531206,1948540.567254651],
[195087.2131265971,1948539.613466944],
[195088.09801324742,1948538.7145758807],
[195089.12189976953,1948537.5857590723],
[195089.91452766303,1948536.6223836967],
[195090.8566949551,1948535.3197875263],
[195091.71332449926,1948533.9077263724],
[195092.3005845365,1948532.680709196],
[195092.90921290524,1948531.0300071684],
[195093.27005979556,1948529.2705490591],
[195093.37883112993,1948527.800346597],
[195093.3513557804,1948525.9096842473],
[195093.22315464244,1948524.3640277705],
[195093.02048978664,1948522.3947545893],
[195092.85408297754,1948520.795499515],
[195092.67293038126,1948519.1607825737],
[195092.45356578703,1948517.069062108],
[195092.28390699567,1948515.3726478682],
[195092.06592592612,1948513.2371676606],
[195091.90026312586,1948511.5215308254],
[195091.6841589086,1948509.3840023358],
[195091.50118839735,1948507.6856487333],
[195091.2911233649,1948505.5786057166],
[195091.0728715052,1948503.481415039],
[195090.88841778514,1948501.8087260819],
[195090.683119296,1948499.7253982048],
[195090.5245434209,1948498.0626590636],
[195090.3407699598,1948495.98932359],
[195090.2060141168,1948494.343064524],
[195090.0320554408,1948492.30251086],
[195089.9057941458,1948490.674575995],
[195089.7343901653,1948488.6583349982],
[195089.60640919665,1948487.0508179462],
[195089.45133242747,1948485.0456510615],
[195089.34317607738,1948483.446420956],
[195089.2055383373,1948481.466205469],
[195089.08850555297,1948479.944187516],
[195088.95711191444,1948478.1528167797],
[195088.84356142126,1948476.8121721265],
[195088.72562490776,1948475.2349043095],
[195088.62902251008,1948473.9872898683],
[195088.50875916073,1948472.4522058389],
[195088.404561476,1948471.224968721],
[195088.1911475315,1948469.730001048],
[195087.86383039952,1948468.6522803344],
[195087.26688349096,1948467.5312588965],
[195086.67652623262,1948466.8662887644],
[195085.83006833313,1948466.259321487],
[195085.0759698105,1948465.8841492191],
[195084.0129515573,1948465.5793388372],
[195082.8275633544,1948465.3630775744],
[195081.76487770805,1948465.3117695244],
[195080.63776490395,1948465.2976271352],
[195079.11517775556,1948465.3737564294],
[195077.8317891327,1948465.4103594243],
[195076.19003932172,1948465.4795099925],
[195074.84519871906,1948465.5065538888],
[195073.1259478878,1948465.530045634],
[195071.72705517153,1948465.524616206],
[195069.9527558427,1948465.502274519],
[195068.50412900915,1948465.4569837307],
[195066.67579953483,1948465.3682272858],
[195065.19228429167,1948465.2980107302],
[195063.31492352235,1948465.219743795],
[195061.80011655323,1948465.157645419],
[195059.9692175459,1948465.081081475],
[195058.59991950254,1948465.0021483088],
[195058.28064707702,1948464.9864140826],
