[195034.53424647675,1948403.4883142866],
[195034.52925064534,1948404.7180897396],
[195034.51400614815,1948406.1194600048],
[195034.5270300065,1948407.9781559324],
[195034.53388610834,1948409.5766767154],
[195034.54934414494,1948411.6953591872],
[195034.58640631975,1948413.950397218],
[195034.62465676514,1948415.8391149526],
[195034.64904228967,1948418.2844616706],
[195034.65723991685,1948420.2834771231],
[195034.6292476138,1948422.8193086789],
[195034.6081360219,1948424.8486730587],
[195034.5880316166,1948427.2755272037],
[195034.58740537352,1948429.1001450578],
[195034.6012559885,1948431.2246019184],
[195034.6225091798,1948432.817312235],
[195034.656564122,1948434.7699148396],
[195034.6747479327,1948436.3370369305],
[195034.70831301805,1948438.298852274],
[195034.7202886642,1948439.8726641953],
[195034.7302777266,1948441.8529290452],
[195034.74237968496,1948443.4372280347],
[195034.7524739421,1948445.4211333408],
[195034.74079567613,1948447.0166406154],
[195034.73930720703,1948449.0381031157],
[195034.73394834241,1948450.6529120475],
[195034.71707881728,1948452.705198655],
[195034.67477104167,1948454.3468849624],
[195034.63356242352,1948456.4116068354],
[195034.5980177405,1948458.075441733],
[195034.55334331896,1948460.1672051782],
[195034.53643195497,1948461.849857964],
[195034.5190062381,1948463.9677195728],
[195034.5132464672,1948465.6665516298],
[195034.51352573378,1948467.80129648],
[195034.51275600563,1948469.512668767],
[195034.50825540975,1948471.6558122863],
[195034.50218049713,1948473.3720432422],
[195034.4972755026,1948475.5291234164],
[195034.51109051303,1948477.2485047574],
[195034.51714686488,1948479.4127217415],
[195034.5176263804,1948481.5674930315],
[195034.5242591104,1948483.2956649472],
[195034.54131310576,1948485.0206197852],
[195034.54989344656,1948487.1782363353],
[195034.5470704921,1948488.8966010208],
[195034.55587573428,1948491.0394580557],
[195034.57227456017,1948493.1797740732],
[195034.58128760735,1948494.890175546],
[195034.59904717022,1948497.0177843114],
[195034.61274638315,1948498.7168064034],
[195034.62974337116,1948500.4101604058],
[195034.63478357482,1948502.5162911364],
[195034.6398644695,1948504.6074088886],
[195034.6373233305,1948506.2605120058],
[195034.63355058603,1948508.304954398],
[195034.62701266914,1948509.9172073249],
[195034.6172368405,1948511.916699168],
[195034.5977883054,1948513.4975025847],
[195034.58045979793,1948515.4535555693],
[195034.54985711566,1948516.9960366238],
[195034.52736008534,1948518.5279046483],
[195034.5033681844,1948520.4279821233],
[195034.485887984,1948521.935528033],
[195034.4901126303,1948523.7981171121],
[195034.52080996483,1948525.6350445773],
[195034.56584553546,1948527.0897282867],
[195034.70002831382,1948528.8739760644],
[195034.8785173003,1948530.2914834889],
[195035.228015702,1948532.012545267],
[195035.65567257005,1948533.350348671],
[195036.34298191094,1948534.9421416265],
[195037.03902073207,1948536.1482574083],
[195038.10706547496,1948537.531898616],
[195039.08006258597,1948538.5366074366],
[195040.41148993841,1948539.7301879106],
[195041.51762640057,1948540.63477784],
[195042.94115069654,1948541.7205165392],
[195044.08434367803,1948542.573331597],
[195045.52493915765,1948543.6001623324],
[195046.98242900745,1948544.5755592221],
[195048.16480153185,1948545.28731151],
[195049.66880479286,1948546.11047542],
[195050.88361520725,1948546.711151377],
[195052.4071943079,1948547.4033982432],
[195053.62279033475,1948547.9336955526],
[195055.15142733444,1948548.5427231116],
[195056.37946960697,1948548.9899213242],
[195057.6225170374,1948549.390925629],
[195059.18107277656,1948549.8351765794],
[195060.4365220833,1948550.1351561951],
[195062.01241865344,1948550.434617624],
[195063.6110778144,1948550.6410657573],
[195064.89889350437,1948550.73101186],
[195066.5144441247,1948550.7216604254],
[195067.80694261883,1948550.6129104209],
[195069.4317517604,1948550.3740135387],
[195070.7225722615,1948550.0985326127],
[195072.3337450308,1948549.6631650745],
[195073.60060087527,1948549.2220509714],
[195074.85307630195,1948548.716077559],
[195076.37904193407,1948547.9789653777],
[195077.87294398338,1948547.1413654517],
[195079.06522781623,1948546.417122337],
[195080.54104331354,1948545.473266735],
[195081.70980423232,1948544.669665033],
[195083.15521711204,1948543.604850028],
[195084.28842752805,1948542.7005968916],
[195085.67522394002,1948541.503439315],
[195086.75788131985,1948540.5068244934],
[195088.0548499917,1948539.1646039477],
[195089.0408747252,1948538.0502395097],
[195090.18401548942,1948536.568580336],
[195090.99701798856,1948535.3029288335],
[195091.85341753886,1948533.6286049646],
[195092.39564153863,1948532.2210781388],
[195092.91264472273,1948530.3972053926],
[195093.137729096,1948528.8980983375],
[195093.27551216492,1948527.004899893],
[195093.25811451295,1948525.4764591185],
[195093.15011882497,1948523.5605588197],
[195093.00973780634,1948522.0281461368],
[195092.83327196905,1948520.1161523797],
[195092.667205475,1948518.578638],
[195092.45207464942,1948516.6413953067],
[195092.28516812433,1948515.0909752965],
[195092.06932807507,1948513.1508443502],
[195091.89295348394,1948511.5954449337],
[195091.66851241988,1948509.6492051617],
[195091.4862534674,1948508.0922057172],
[195091.28288721677,1948506.1443743028],
[195091.11182165868,1948504.5931033173],
[195090.9161768676,1948502.6483476912],
[195090.7298890109,1948500.7083235497],
[195090.57945460256,1948499.1487102672],
[195090.43797035646,1948497.5759873637],
[195090.27078838067,1948495.568422227],
[195090.14892515785,1948493.9379941844],
[195089.98799288113,1948491.84926389],
[195089.81160261895,1948489.7233372247],
[195089.66329334988,1948488.0128572087],
[195089.4962300713,1948485.9308055392],
[195089.37724858866,1948484.3525465548],
[195089.24077785292,1948482.5016330944],
[195089.1425050504,1948481.1254942585],
[195088.99833858124,1948479.5139380873],
[195088.8840431795,1948478.236220931],
[195088.7679401654,1948476.9612778197],
[195088.63603255936,1948475.3518506046],
[195088.50525949415,1948473.7264071044],
[195088.39591988036,1948472.459400535],
[195088.21064741453,1948470.9649846742],
[195087.9595824554,1948469.877574082],
[195087.50696127818,1948468.69342656],
[195087.0536822891,1948467.9212504525],
[195086.364799835,1948467.1484992641],
[195085.75786331276,1948466.6452064884],
[195084.90496127255,1948466.1131227862],
[195084.12256916534,1948465.8159686085],
[195083.05583112265,1948465.4927118341],
[195082.08674278719,1948465.3341591207],
[195080.7592951774,1948465.1833699269],
[195079.56654496226,1948465.07991723],
[195077.91627912506,1948464.9365007717],
[195076.08706096167,1948464.830391988],
[195074.50909339375,1948464.8012238776],
[195072.83241861203,1948464.7726616284],
[195070.61522817987,1948464.7346938285],
[195068.7610969539,1948464.7075814626],
[195066.4481017423,1948464.6620469878],
[195064.69066811932,1948464.6216452494],
[195062.6329396765,1948464.5739031292],
[195060.74692459404,1948464.5383516995],
[195059.4117999969,1948464.5122668492],
[195058.15111309537,1948464.4919959742],
[195057.48015787342,1948464.4776918974],
[195057.074605385,1948464.474630229],
