[195034.74253415584,1948402.6246999],
[195034.71879104534,1948403.272717318],
[195034.69236209453,1948404.235503443],
[195034.6650637252,1948405.1456511028],
[195034.6373220497,1948406.175972401],
[195034.59354694904,1948407.621838079],
[195034.54508402938,1948409.2566893392],
[195034.51607568507,1948410.7011304856],
[195034.49639457194,1948412.6633338667],
[195034.46878889334,1948414.3165253836],
[195034.4604602489,1948416.4481608416],
[195034.45610145252,1948418.1928460835],
[195034.42601024584,1948420.3157824094],
[195034.39770904343,1948421.9105307846],
[195034.36124902882,1948423.752328168],
[195034.3310362951,1948425.434318656],
[195034.30964384027,1948426.7154505462],
[195034.29419712038,1948428.0007596037],
[195034.26955004694,1948429.6332767247],
[195034.2502494861,1948431.301416472],
[195034.2402783023,1948432.6659829458],
[195034.2441834914,1948434.3932005765],
[195034.25321886485,1948435.8015410984],
[195034.27885325914,1948437.2308920997],
[195034.31308655694,1948439.0391453903],
[195034.3405635549,1948440.5019070713],
[195034.37167048978,1948442.3602728664],
[195034.40174490216,1948444.2393266442],
[195034.42350949819,1948445.7691457153],
[195034.42307079493,1948447.719332205],
[195034.43679362338,1948449.3151058794],
[195034.4374778232,1948450.9297878018],
[195034.45852620614,1948452.993573483],
[195034.44942181735,1948454.653644831],
[195034.44250889306,1948456.700467613],
[195034.44616920254,1948458.6385701415],
[195034.44421694623,1948460.1275143153],
[195034.45397853086,1948461.9905948597],
[195034.45598659257,1948463.4930030971],
[195034.46142199074,1948465.3825884156],
[195034.48002311582,1948466.910274916],
[195034.4986069331,1948468.8308006194],
[195034.51838693855,1948470.3843615209],
[195034.51892974347,1948472.331732613],
[195034.5126214751,1948473.9055616227],
[195034.50993226023,1948475.8796648895],
[195034.51348585053,1948477.4506785825],
[195034.51125832493,1948479.4142528991],
[195034.49741440936,1948480.9654098381],
[195034.485743688,1948482.884739473],
[195034.47401324572,1948484.396467374],
[195034.45475998984,1948486.2504765156],
[195034.44677463936,1948487.7136892339],
[195034.43598121102,1948489.5553842334],
[195034.42990879097,1948491.052536946],
[195034.44737564898,1948492.9545812816],
[195034.44023661714,1948494.5066971115],
[195034.43606269493,1948496.475026678],
[195034.43083837026,1948498.0991306058],
[195034.423208651,1948500.208063001],
[195034.41348718017,1948501.9591937044],
[195034.40775091518,1948504.2344971737],
[195034.40553037298,1948506.1187069674],
[195034.41336269377,1948508.5594202685],
[195034.4300573299,1948511.0697615028],
[195034.4505690589,1948513.1044813416],
[195034.46506997832,1948515.1649027674],
[195034.47046615052,1948517.7537670084],
[195034.47758088456,1948520.3434626507],
[195034.4868667521,1948522.4065097105],
[195034.53567098005,1948524.963948103],
[195034.64131058124,1948526.9826648636],
[195034.84859707733,1948528.9156025858],
[195035.25060851444,1948531.177386968],
[195035.69377763695,1948532.827122427],
[195036.35608128092,1948534.687385106],
[195036.93752098051,1948536.0350497584],
[195037.75868172664,1948537.5392812977],
[195038.73366239827,1948538.8839799843],
[195039.6554609203,1948539.882850891],
[195040.94432316613,1948541.0061922474],
[195042.04751981754,1948541.8563058092],
[195043.48454898185,1948542.8762089792],
[195044.66767735474,1948543.6710199572],
[195046.20015450043,1948544.6285113636],
[195047.46402593437,1948545.3635262025],
[195049.0964310147,1948546.2211827922],
[195050.4484717891,1948546.8618167778],
[195052.19013776814,1948547.6054674205],
[195053.6111757073,1948548.1766490368],
[195055.44580071326,1948548.8201527253],
[195056.94880675577,1948549.2821294554],
[195058.88482218204,1948549.7713347832],
[195060.48161922954,1948550.0616173914],
[195062.53009597448,1948550.297949383],
[195064.21280143215,1948550.3571995003],
[195066.35441793432,1948550.2957362637],
[195068.08748846,1948550.1736855626],
[195070.26998811506,1948549.8826598579],
[195072.01049741858,1948549.5124796447],
[195074.18652746914,1948548.8890817496],
[195075.87639615996,1948548.2817648558],
[195077.8291752277,1948547.4131534111],
[195079.62276080108,1948546.4664224838],
[195080.96329134586,1948545.6442296614],
[195082.25595627914,1948544.7656457385],
[195083.82167405513,1948543.5965880903],
[195085.02526495742,1948542.597142384],
[195086.47150915442,1948541.2895070224],
[195087.84817654153,1948539.907017109],
[195088.86532579805,1948538.730890092],
[195089.81407206118,1948537.5214280847],
[195090.8560839173,1948535.9173850643],
[195091.5546874946,1948534.6331762436],
[195092.24243971886,1948533.0682745734],
[195092.68354684667,1948531.8513231527],
[195093.08227679908,1948530.2915587467],
[195093.33849982347,1948528.6841802017],
[195093.41281745536,1948527.3546936414],
[195093.40349353393,1948525.994290656],
[195093.34444783686,1948524.2537606393],
[195093.26144341938,1948522.8316553729],
[195093.13145325487,1948521.0424078566],
[195092.9986020007,1948519.6534016416],
[195092.8446882204,1948517.9924156854],
[195092.69396477888,1948516.4451182554],
[195092.58072310817,1948515.2924991937],
[195092.45948850317,1948513.9475521531],
[195092.37588300326,1948512.9505879318],
[195092.27265964932,1948511.7306855596],
[195092.18647727187,1948510.7391416992],
[195092.06871881842,1948509.460822593],
[195091.98765357258,1948508.413128781],
[195091.84273635823,1948507.0358142585],
[195091.7271645915,1948505.8997573156],
[195091.5981957653,1948504.4369110258],
[195091.48352282343,1948503.2115892796],
[195091.3245631712,1948501.6137177858],
[195091.20977617183,1948500.270486712],
[195091.0355340404,1948498.516185641],
[195090.9001458085,1948497.046662585],
[195090.71299591224,1948495.1402429675],
[195090.5551359357,1948493.5635792923],
[195090.3490581046,1948491.5074124339],
[195090.18326203353,1948489.8200544997],
[195089.96401118854,1948487.667235626],
[195089.78149740337,1948485.909223581],
[195089.55298594543,1948483.6791684632],
[195089.32726514354,1948481.4578804085],
[195089.13986331405,1948479.7573667055],
[195088.91799805718,1948477.7558110869],
[195088.73172725042,1948476.2547510157],
[195088.55259311877,1948474.852804936],
[195088.27408560424,1948473.240397924],
[195087.9748060092,1948472.0636480479],
[195087.50338187517,1948470.73970118],
[195086.87869599104,1948469.5297501741],
[195086.2115246268,1948468.634922603],
[195085.45991463022,1948467.8079377194],
[195084.34010953965,1948466.9388781858],
[195083.08200452928,1948466.2793026126],
[195082.0042356627,1948465.8917985822],
[195080.9159511853,1948465.5637125336],
[195079.53768500418,1948465.2554316826],
[195078.14487979893,1948465.042556651],
[195077.02057604777,1948464.9382626007],
[195075.60162847533,1948464.8196991782],
[195074.46665286165,1948464.7640095272],
[195073.0245109164,1948464.7221197577],
[195071.8565352425,1948464.7235294501],
[195070.37724296286,1948464.7641836582],
[195069.1737167974,1948464.8015749122],
[195067.65386555943,1948464.8442679858],
[195066.4428722883,1948464.8556367597],
[195064.93251363744,1948464.8675241428],
[195063.7298212521,1948464.8600046742],
[195062.26027853723,1948464.8522273258],
[195061.1768860802,1948464.8286384987],
[195059.92606802363,1948464.8094743863],
[195059.02105745283,1948464.7900577192],
[195058.0798667564,1948464.7711116513],
[195057.92803504682,1948464.7683637482],
