[195034.50258141966,1948402.1653024415],
[195034.5147981687,1948402.9958000502],
[195034.5361632443,1948404.2952227613],
[195034.55188004806,1948405.9122991215],
[195034.57201560956,1948407.3967088403],
[195034.55265769383,1948409.0499483545],
[195034.56532143723,1948411.40718726],
[195034.58955075798,1948414.0341515297],
[195034.61224815776,1948416.3224506502],
[195034.64978424352,1948419.4151621703],
[195034.66367978655,1948422.0699064974],
[195034.67759085458,1948425.6029755834],
[195034.6953777575,1948428.502630924],
[195034.70963694877,1948432.0330361933],
[195034.72869586232,1948434.7206327524],
[195034.7393060871,1948437.9059642456],
[195034.7344648109,1948440.3014909867],
[195034.7372494659,1948443.1141724319],
[195034.75122255145,1948445.2066996314],
[195034.7394980836,1948447.6519037157],
[195034.74277781992,1948449.4752194555],
[195034.73203785898,1948451.5835888223],
[195034.73154510697,1948453.2060025055],
[195034.723646556,1948455.2201367237],
[195034.7051777102,1948456.8459222163],
[195034.68679609077,1948458.902254927],
[195034.6634116893,1948460.5544773992],
[195034.63624819892,1948462.6398416406],
[195034.6198532868,1948464.322290754],
[195034.5934672455,1948466.4430293515],
[195034.56582472497,1948468.5817860093],
[195034.5455231348,1948470.3076050004],
[195034.50268691374,1948472.4654225407],
[195034.47659227336,1948474.2094013735],
[195034.4554051682,1948476.4131941723],
[195034.4440766774,1948478.1804511112],
[195034.43209705796,1948480.4195610164],
[195034.4158574986,1948482.2064775093],
[195034.40714879482,1948484.0081551517],
[195034.38926715186,1948486.2667507564],
[195034.3756475853,1948488.0724261738],
[195034.3437542091,1948490.3314671419],
[195034.32266378074,1948492.5971125015],
[195034.30247167216,1948494.419547333],
[195034.29082089083,1948496.681871989],
[195034.28363190073,1948498.475860718],
[195034.27268953368,1948500.6243992883],
[195034.24911972112,1948502.2276004567],
[195034.2415351436,1948504.0935590845],
[195034.23500149805,1948505.4627923132],
[195034.2352492768,1948507.0318588084],
[195034.24116594164,1948508.1758991245],
[195034.25218340365,1948509.470106258],
[195034.25999437607,1948510.4052281557],
[195034.27027090138,1948511.2528299945],
[195034.28203070525,1948512.1976177318],
[195034.28696965112,1948513.0431872373],
[195034.2917100136,1948513.6896072105],
[195034.30019575814,1948514.5136033262],
[195034.30166432986,1948515.2026188609],
[195034.30440410183,1948516.134242969],
[195034.30562399718,1948516.9534758555],
[195034.30994921995,1948518.081784877],
[195034.3099599379,1948519.071533482],
[195034.32309053733,1948520.4149033544],
[195034.3366971664,1948521.5782443413],
[195034.36596524093,1948523.1385341382],
[195034.39536580362,1948524.4701660203],
[195034.4448672232,1948526.2363246966],
[195034.4887870527,1948527.7256940731],
[195034.57160603066,1948529.6812369719],
[195034.76542532622,1948531.3047381346],
[195035.26631641222,1948533.3486056416],
[195035.94963495838,1948534.926946485],
[195037.10785439698,1948536.8019455504],
[195038.57957469628,1948538.4816406318],
[195039.96129091477,1948539.6999471397],
[195041.7840594074,1948541.156553204],
[195043.30826034362,1948542.281004113],
[195045.28371549555,1948543.6345567235],
[195046.91694458615,1948544.6546724592],
[195048.95204478156,1948545.8057874318],
[195050.52943004607,1948546.611363563],
[195052.47273418753,1948547.5080988589],
[195054.0448655755,1948548.1861596378],
[195056.0973694008,1948548.9567117593],
[195057.81181984665,1948549.4980658162],
[195060.0418300227,1948550.0420384],
[195061.8764523832,1948550.3521193531],
[195064.22223209843,1948550.5398456536],
[195066.12069391483,1948550.5336047322],
[195068.49847538312,1948550.3377009404],
[195070.34480378497,1948550.0464593158],
[195072.07867509438,1948549.6340578364],
[195074.09543148248,1948548.9951282484],
[195075.56792101666,1948548.42557951],
[195077.25634819322,1948547.656028199],
[195078.9039069725,1948546.7792832307],
[195080.20075568353,1948545.9989514796],
[195081.80727966552,1948544.9171270472],
[195083.0810164813,1948543.9858666216],
[195084.63644843103,1948542.723975058],
[195085.85228616252,1948541.6617043624],
[195087.27607263872,1948540.3026881837],
[195088.30869560238,1948539.187159222],
[195089.47494240207,1948537.7978792023],
[195090.32548494788,1948536.616700851],
[195091.30869788636,1948535.0760206035],
[195091.99687658667,1948533.7814643488],
[195092.70141704986,1948532.0866478265],
[195093.12813873217,1948530.6766895074],
[195093.47778371378,1948528.8875236278],
[195093.60432150986,1948527.4323225466],
[195093.6118148577,1948525.6135220735],
[195093.5341780216,1948524.1473337049],
[195093.36091630164,1948522.2866197277],
[195093.1924258639,1948520.781129079],
[195092.9284795192,1948518.8529992118],
[195092.72489718554,1948517.27881634],
[195092.4848101726,1948515.2651554532],
[195092.30487177716,1948513.6179563748],
[195092.0687325432,1948511.5171658606],
[195091.86378751992,1948509.8000359845],
[195091.60862746523,1948507.6078718544],
[195091.4118624909,1948505.8181771007],
[195091.14530443298,1948503.5458904358],
[195090.91846495378,1948501.7511686385],
[195090.6904259673,1948499.6120184062],
[195090.5061722647,1948497.9838781836],
[195090.29301780905,1948495.9832836462],
[195090.1394017596,1948494.3756156727],
[195089.93938482789,1948492.3345384684],
[195089.7547226664,1948490.258680834],
[195089.5953670025,1948488.578143094],
[195089.45439393763,1948486.91951304],
[195089.2864281418,1948484.9473796403],
[195089.1404660214,1948483.0822733557],
[195089.02558773116,1948481.6094860416],
[195088.86663440353,1948479.7711139685],
[195088.74152491873,1948478.3128749307],
[195088.58361690555,1948476.5763186505],
[195088.47998568867,1948475.2741215818],
[195088.35248567202,1948473.751250305],
[195088.22837900123,1948472.6108684102],
[195088.03358862322,1948471.2088680484],
[195087.7540553124,1948470.084992174],
[195087.1679217164,1948468.718878717],
[195086.43841438627,1948467.74628541],
[195085.2367243931,1948466.759529817],
[195084.06277249672,1948466.231194201],
[195082.4401681594,1948465.7284059213],
[195081.0358364989,1948465.5376541796],
[195079.18674301676,1948465.352607663],
[195077.6476819502,1948465.2256428339],
[195076.0792146223,1948465.1327010088],
[195073.6616407548,1948465.0572918854],
[195072.00103661153,1948465.0513127334],
[195070.3008487531,1948465.054418085],
[195068.1144441236,1948465.0696739855],
[195066.34171070138,1948465.0755136462],
[195064.12696967158,1948465.0986203908],
[195062.01877061723,1948465.1369413615],
[195060.4856696529,1948465.1607717802],
[195058.92267895164,1948465.171005163],
