[195034.80596730142,1948402.2213495197],
[195034.79927241485,1948403.0860196205],
[195034.7982392447,1948404.5233607662],
[195034.786601552,1948405.9711221461],
[195034.77315337613,1948408.0476642447],
[195034.7677822596,1948409.8827878805],
[195034.7650876022,1948412.1537285557],
[195034.76756034276,1948413.8865014212],
[195034.76561499675,1948415.9287658387],
[195034.76241278133,1948417.5267632075],
[195034.76869672025,1948419.122849159],
[195034.7685584264,1948421.1230820778],
[195034.75725277953,1948422.735032744],
[195034.7269703678,1948424.7660054048],
[195034.70359406073,1948426.8061328358],
[195034.6882072451,1948428.4448825803],
[195034.66491557832,1948430.5037337258],
[195034.648423314,1948432.1620276317],
[195034.62801972523,1948434.2374380608],
[195034.60340608325,1948435.9100708251],
[195034.58562372762,1948438.0188572714],
[195034.55823378352,1948439.7164037866],
[195034.5417766761,1948441.8531466692],
[195034.53773119085,1948443.5705706857],
[195034.52704840482,1948445.7259248293],
[195034.511485073,1948447.4552760718],
[195034.51482146292,1948449.6321920555],
[195034.50494695752,1948451.3890684333],
[195034.51310941653,1948453.6067269824],
[195034.52198152963,1948455.3991907998],
[195034.522481386,1948457.6511838315],
[195034.53414537598,1948459.4760990543],
[195034.54801486066,1948461.768437659],
[195034.55538618795,1948463.62269473],
[195034.5745892018,1948465.9455492455],
[195034.59433925455,1948467.8172029345],
[195034.60310052126,1948470.1632794489],
[195034.60155813512,1948472.0400169264],
[195034.5960669227,1948474.4035274058],
[195034.60063338384,1948476.7711239469],
[195034.6023763917,1948478.686716262],
[195034.58942324543,1948480.62925686],
[195034.57291292746,1948483.0385320925],
[195034.562660653,1948484.976294372],
[195034.5416606849,1948487.376390991],
[195034.5094088847,1948489.2043818422],
[195034.48379158345,1948491.3480134932],
[195034.4746112724,1948493.0025104869],
[195034.45108414156,1948495.0431723902],
[195034.45293681297,1948496.6553205943],
[195034.43853246808,1948498.686605882],
[195034.4318961553,1948500.3138385017],
[195034.40759989384,1948502.350547506],
[195034.3962740201,1948503.9845095333],
[195034.3774676976,1948506.0277121845],
[195034.37436604567,1948507.6671129165],
[195034.38733487125,1948509.717217871],
[195034.40926503815,1948511.3642924228],
[195034.4375571584,1948513.4167884323],
[195034.46317859745,1948515.4759707425],
[195034.4708862802,1948517.124413206],
[195034.48472591687,1948519.1944364237],
[195034.4974048525,1948520.8557043264],
[195034.50789571094,1948522.5214770546],
[195034.53196354499,1948524.61572896],
[195034.5695746158,1948526.2948502193],
[195034.67335358937,1948528.388272446],
[195034.95523187335,1948530.4751131132],
[195035.3532419332,1948532.1008899955],
[195036.10064085256,1948534.053542889],
[195036.84044095268,1948535.5432675004],
[195037.75828874164,1948536.9351305664],
[195039.08338592108,1948538.5130614028],
[195040.6137431676,1948539.9176125661],
[195041.86194910944,1948540.9186526376],
[195043.378065605,1948542.050265066],
[195044.50519497553,1948542.8978437975],
[195045.90857978357,1948543.8999202654],
[195047.03407591695,1948544.6790166206],
[195048.471807397,1948545.6053308928],
[195049.95621431034,1948546.4733400645],
[195051.17109434193,1948547.1196851982],
[195052.41740514184,1948547.7180193097],
[195054.01817304466,1948548.3869559094],
[195055.3373069545,1948548.8598948414],
[195057.02897952864,1948549.3764102454],
[195058.42414974514,1948549.7247237067],
[195060.21013450448,1948550.0803512004],
[195061.67031698907,1948550.2981120227],
[195063.541790246,1948550.4470930558],
[195065.0619785521,1948550.4810053739],
[195066.9972337793,1948550.413483925],
[195068.56486761957,1948550.2685461976],
[195070.55123013048,1948549.9964813953],
[195072.14796643882,1948549.6841645718],
[195074.1114202117,1948549.1643697936],
[195075.59728853533,1948548.6838388667],
[195077.38172678914,1948547.9682848947],
[195078.78924188233,1948547.2837550333],
[195080.51761002015,1948546.3009277123],
[195082.2072166468,1948545.170125128],
[195083.5323359177,1948544.1591055049],
[195084.8238591946,1948543.0410892097],
[195086.40360841973,1948541.524518956],
[195087.92420029553,1948539.894085859],
[195089.0559476508,1948538.4892696124],
[195090.29351951182,1948536.7063112601],
[195091.14766590798,1948535.2784612693],
[195092.00679407717,1948533.53259868],
[195092.55364844322,1948532.1848549808],
[195093.04704884847,1948530.5465838525],
[195093.32107819017,1948529.2684809498],
[195093.51206319733,1948527.6244353864],
[195093.5489955152,1948526.2531515816],
[195093.47194579657,1948524.4741925183],
[195093.34559029192,1948522.9989778828],
[195093.15536554993,1948521.0923254397],
[195092.98174004944,1948519.515405324],
[195092.7377506552,1948517.47326056],
[195092.53457783148,1948515.8132473724],
[195092.28387339442,1948513.6975985484],
[195092.07856605007,1948511.982848846],
[195091.8146307426,1948509.8096747336],
[195091.61156562102,1948508.0438321328],
[195091.3628494908,1948505.8018417559],
[195091.15902149497,1948504.001107295],
[195090.9079176738,1948501.7160067253],
[195090.72492441436,1948499.8734690847],
[195090.4863902094,1948497.5569810783],
[195090.29859892206,1948495.7185991022],
[195090.1029243423,1948493.5192549645],
[195089.9598363704,1948491.8322458926],
[195089.80148148228,1948489.768567294],
[195089.67720953815,1948488.1299145592],
[195089.51529735763,1948486.063677237],
[195089.39240256065,1948484.4048149323],
[195089.2358682119,1948482.3263388078],
[195089.10923764663,1948480.6853478735],
[195088.92511190614,1948478.7448110809],
[195088.7834927167,1948477.2779590315],
[195088.60672189572,1948475.5167042813],
[195088.40082476242,1948473.7787968293],
[195088.16985946108,1948472.398340123],
[195087.82495808153,1948471.037528182],
[195087.19623033752,1948469.4491054963],
[195086.32242885296,1948468.1211183788],
[195085.526930181,1948467.2979209973],
[195084.4517963583,1948466.5754135763],
[195083.59840509068,1948466.2038427857],
[195082.7932369197,1948465.9148946323],
[195081.873645608,1948465.6894420856],
[195081.0538806131,1948465.5565823596],
[195080.43778285026,1948465.4953551798],
[195079.71499825275,1948465.4550389869],
[195079.14724387898,1948465.425504657],
[195078.39450657475,1948465.3654330957],
[195077.74740458422,1948465.3540436723],
[195076.83758482104,1948465.3262736246],
[195076.02185012755,1948465.3076809244],
[195074.8776716227,1948465.3099205943],
[195073.8625419574,1948465.3019993487],
[195072.47529514317,1948465.301561293],
[195071.26938186333,1948465.3009744424],
[195069.65037329835,1948465.307880672],
[195068.25913420977,1948465.3081373202],
[195066.41659749107,1948465.28771083],
[195064.87072602255,1948465.2663424748],
[195062.9133460295,1948465.2591290248],
[195061.42222189947,1948465.247583791],
[195059.68656294345,1948465.230628689],
[195058.44357621096,1948465.2023944228],
[195057.16999242816,1948465.1833009508],
[195056.54960403434,1948465.171317996],
