[195034.59584663727,1948402.3553786066],
[195034.59742711915,1948404.0611284734],
[195034.60972076564,1948405.694909858],
[195034.6298622557,1948407.9043625838],
[195034.64632130146,1948409.7169708288],
[195034.66290029656,1948411.9012918246],
[195034.6919933799,1948413.545089022],
[195034.7076886807,1948415.4863121407],
[195034.7251373943,1948417.0361011263],
[195034.74843981012,1948419.0285098085],
[195034.76341094958,1948420.6628627647],
[195034.76978860347,1948422.7731379413],
[195034.7782122184,1948424.5128786883],
[195034.79204622016,1948426.7480135886],
[195034.80541497405,1948428.5825093477],
[195034.8163101799,1948430.9442863215],
[195034.82790205878,1948432.8824353425],
[195034.83482981034,1948435.3654266002],
[195034.82710381295,1948437.4039927914],
[195034.81327911408,1948440.0009259772],
[195034.79874934792,1948442.0932743165],
[195034.7808291894,1948444.5933992523],
[195034.7608152517,1948446.4726269771],
[195034.7436581469,1948448.669166349],
[195034.72825167494,1948450.6852623415],
[195034.73214689927,1948452.2563943334],
[195034.70749471334,1948453.8362159112],
[195034.70413962324,1948455.8407121566],
[195034.68290337813,1948457.88355821],
[195034.669601311,1948459.546337664],
[195034.65328477006,1948461.6519654084],
[195034.6318874595,1948463.3661310072],
[195034.61964471397,1948465.0919189723],
[195034.60762220746,1948467.2759169673],
[195034.58636083207,1948469.0469127453],
[195034.55341869104,1948471.2850696868],
[195034.50791262448,1948473.079534383],
[195034.45950414034,1948475.3654757277],
[195034.41642052302,1948477.6602837062],
[195034.38157413242,1948479.5224207547],
[195034.32370112927,1948481.8445107075],
[195034.29606705927,1948483.723323267],
[195034.25121351416,1948486.0653356218],
[195034.21267789483,1948487.9329270213],
[195034.17555403602,1948490.2468270883],
[195034.16704047334,1948492.0855558563],
[195034.16882371707,1948494.3759387268],
[195034.19377589913,1948496.1955761134],
[195034.21855812418,1948498.4598902473],
[195034.24446827706,1948500.2655775181],
[195034.2625396997,1948502.5089563802],
[195034.27781271058,1948504.2985684867],
[195034.2863732378,1948506.5221783223],
[195034.29752602617,1948508.2928814043],
[195034.31358994023,1948510.5007266742],
[195034.33797026446,1948512.2635133322],
[195034.35611560257,1948514.465245359],
[195034.37125368477,1948516.2247322253],
[195034.38428758192,1948518.4238307984],
[195034.3929751614,1948520.1819120867],
[195034.40903357626,1948522.3787512463],
[195034.42300555605,1948524.1362245807],
[195034.446760947,1948526.3290783255],
[195034.49439164327,1948528.0750055506],
[195034.64795216106,1948530.2533467042],
[195034.91079957227,1948531.9723873723],
[195035.48221732132,1948534.0722944923],
[195036.16243168074,1948535.6726802231],
[195037.28322557386,1948537.5530001866],
[195038.42897622517,1948538.879890564],
[195040.1356393813,1948540.3152610844],
[195041.5937591739,1948541.3457894092],
[195043.47203203707,1948542.6180934138],
[195044.99256170428,1948543.6050621173],
[195046.93981103812,1948544.7932006917],
[195048.52083035655,1948545.6889561613],
[195050.5415748772,1948546.737032588],
[195052.60336594834,1948547.690246501],
[195054.28476597994,1948548.3768665534],
[195055.9953585914,1948548.9999669767],
[195058.1791412065,1948549.664161792],
[195059.95572831007,1948550.106595353],
[195062.21419576442,1948550.503855538],
[195064.05491429722,1948550.6837905457],
[195066.37597493257,1948550.6954852818],
[195068.23560803971,1948550.5544754795],
[195070.55426079518,1948550.1972722786],
[195072.84014735487,1948549.6170909372],
[195074.64903157644,1948549.010973107],
[195076.41309665953,1948548.2893280662],
[195078.49862970613,1948547.2688997053],
[195080.0298678578,1948546.3872150434],
[195081.77306945182,1948545.2327119168],
[195083.09280429716,1948544.2564505315],
[195084.67320872983,1948542.9455857328],
[195086.19883220765,1948541.5537597819],
[195087.37043709474,1948540.393402328],
[195088.75982109655,1948538.8255511087],
[195089.79454308067,1948537.5213522317],
[195090.72335369975,1948536.1184392292],
[195091.74168089093,1948534.2646252122],
[195092.52262952857,1948532.2993443722],
[195092.96853422414,1948530.6648852606],
[195093.27329330298,1948528.576727789],
[195093.3710906753,1948526.8983091754],
[195093.38336502467,1948524.7960626942],
[195093.3195196028,1948523.116091202],
[195093.22182889955,1948521.0286092493],
[195093.1052430746,1948519.3678125816],
[195092.91705933277,1948517.2865202494],
[195092.7368735296,1948515.629722466],
[195092.50421287213,1948513.577172689],
[195092.31482285316,1948511.9336809868],
[195092.08093183613,1948509.892885515],
[195091.90490381274,1948508.2645953167],
[195091.69384144802,1948506.2237594866],
[195091.50334528676,1948504.203565109],
[195091.35599375764,1948502.5800005875],
[195091.20877891994,1948500.9450462942],
[195091.01632042145,1948498.8790167863],
[195090.873222069,1948497.1908929464],
[195090.67934974123,1948495.0594521046],
[195090.48154029934,1948492.9000313475],
[195090.32610665186,1948491.1383979002],
[195090.13084757072,1948488.9269380798],
[195089.9760349463,1948487.156736353],
[195089.8260964704,1948485.3914661806],
[195089.64394611254,1948483.2255167041],
[195089.472910641,1948481.1805744302],
[195089.33550616095,1948479.6558454202],
[195089.19721094018,1948478.211013641],
[195089.03768993795,1948476.53323533],
[195088.92813632343,1948475.2344115195],
[195088.75902454695,1948473.5937784065],
[195088.4864036133,1948471.903552834],
[195088.1779541896,1948470.5354880542],
[195087.64320051039,1948469.2288628307],
[195086.70272220936,1948467.8001066027],
[195085.41740410993,1948466.7610285967],
[195084.24360298258,1948466.1989916342],
[195082.69987031003,1948465.7279076658],
[195081.4330949746,1948465.5618089004],
[195079.86744142452,1948465.375877706],
[195078.6184709991,1948465.2764277814],
[195077.0619864368,1948465.16698418],
[195075.8118059343,1948465.080253093],
[195074.23193189042,1948465.019169777],
[195072.95804479084,1948464.9934122823],
[195071.32464621717,1948464.9886710744],
[195070.00510421596,1948464.9992360258],
[195068.3182494663,1948465.0292929893],
[195066.95230251123,1948465.035832086],
[195065.22681645723,1948465.0453485462],
[195063.83066388883,1948465.0369648652],
[195062.10567182887,1948465.0330094087],
[195060.83523952137,1948465.0223846978],
[195059.5393433787,1948464.9991298937],
[195058.71356804558,1948464.9836879552],
