[195034.5930818696,1948404.769020227],
[195034.6061314942,1948406.516238732],
[195034.62108779867,1948408.1385802976],
[195034.61918784163,1948410.3673761038],
[195034.6087269995,1948412.1464353693],
[195034.61053545345,1948414.2700306165],
[195034.62591874806,1948415.8717036361],
[195034.64870051848,1948417.8502675612],
[195034.67211350007,1948419.4529816336],
[195034.68936077695,1948421.4831958606],
[195034.7147941085,1948423.1192484505],
[195034.74024499877,1948425.1788768028],
[195034.7432461915,1948426.8316297403],
[195034.7526570293,1948428.9023124638],
[195034.75550180094,1948430.554298547],
[195034.75198869265,1948432.6415742913],
[195034.74627423825,1948434.3164257784],
[195034.73614629524,1948436.4281937329],
[195034.7194555724,1948438.1226414922],
[195034.68146226698,1948440.243317114],
[195034.65150400173,1948441.9443214226],
[195034.61796028653,1948444.067131714],
[195034.58452369148,1948445.7612574329],
[195034.53758265122,1948447.8572074405],
[195034.51375495756,1948449.523058252],
[195034.47223739824,1948451.5710695009],
[195034.45618209054,1948453.1902663955],
[195034.44635951382,1948455.1944552015],
[195034.43624946347,1948456.7833065153],
[195034.44215115526,1948458.7742430535],
[195034.443898886,1948460.3564998715],
[195034.45425519778,1948462.321244851],
[195034.46774736297,1948463.8833383129],
[195034.47204496115,1948465.8151828386],
[195034.4800487021,1948467.3562134013],
[195034.48215620857,1948469.2743219037],
[195034.47947656168,1948470.80100018],
[195034.4726750706,1948472.6945959479],
[195034.46580656385,1948474.203483837],
[195034.46078565792,1948476.0853642353],
[195034.4769164803,1948477.5733509664],
[195034.47838533128,1948479.435662132],
[195034.45911565592,1948480.9043363354],
[195034.4601326167,1948482.7375179138],
[195034.4712080168,1948484.554284829],
[195034.48146277206,1948485.9951389036],
[195034.4996721572,1948487.783230301],
[195034.49852074002,1948489.203909965],
[195034.50754283907,1948490.9598865893],
[195034.5265227718,1948492.3522616948],
[195034.53569340846,1948494.0886768028],
[195034.54923630971,1948495.467359657],
[195034.55170152689,1948496.8352437287],
[195034.56136338456,1948498.5405191372],
[195034.574997379,1948499.9010776686],
[195034.5792286639,1948501.5940478088],
[195034.5835120024,1948503.2803573795],
[195034.5783711436,1948504.6245629007],
[195034.57047770426,1948506.294003928],
[195034.56705352644,1948507.625297422],
[195034.56224848027,1948509.276970198],
[195034.5541523303,1948510.5951673056],
[195034.55605433095,1948512.2329646503],
[195034.55189867583,1948513.5375689275],
[195034.5537520598,1948514.8370001009],
[195034.5430709146,1948516.4517020523],
[195034.53782476086,1948518.0631487593],
[195034.5282546662,1948519.3495725228],
[195034.52289348203,1948520.956646168],
[195034.5186745914,1948522.235137464],
[195034.51096121263,1948523.8307004864],
[195034.50282302033,1948525.0974822547],
[195034.49906023833,1948526.6740581733],
[195034.49561828666,1948528.2343159656],
[195034.50688838252,1948529.4792060421],
[195034.59803550923,1948530.7135518785],
[195034.86654539773,1948532.2217787318],
[195035.24346320258,1948533.4027228148],
[195035.87768079425,1948534.8112222683],
[195036.52001937936,1948535.8763264574],
[195037.51104620597,1948537.1090309876],
[195038.65018293465,1948538.2375744334],
[195039.6637207912,1948539.0746115136],
[195040.9620089402,1948540.1303399033],
[195042.01852193012,1948540.9443218973],
[195043.11972238123,1948541.7242892159],
[195044.50255867664,1948542.6949037632],
[195045.63178562903,1948543.4446939789],
[195047.050199814,1948544.3620993663],
[195048.49103986876,1948545.2231519187],
[195049.6552865552,1948545.8876402043],
[195051.13498836214,1948546.6509605225],
[195052.33306343292,1948547.220205614],
[195053.8414505225,1948547.8893289973],
[195055.06621689236,1948548.3944963717],
[195056.5970113345,1948548.9967847015],
[195057.83700496482,1948549.4343649012],
[195059.40264020918,1948549.9390123982],
[195060.67781327665,1948550.2552251923],
[195061.96286413106,1948550.5036734208],
[195063.60845184675,1948550.7084887747],
[195064.9372821338,1948550.7687061955],
[195066.62232345593,1948550.7161243428],
[195067.98994451942,1948550.562957668],
[195069.7159015099,1948550.2686708935],
[195071.44533267544,1948549.8442442021],
[195072.83466774898,1948549.4207844767],
[195074.56602467978,1948548.778883828],
[195075.9393991004,1948548.194242539],
[195077.64392540354,1948547.3848202291],
[195079.00460793515,1948546.655870426],
[195080.64965761936,1948545.629327998],
[195081.93735998988,1948544.7182776907],
[195083.5117185681,1948543.4691958614],
[195084.7544141483,1948542.4027845745],
[195086.26449398015,1948541.0016624944],
[195087.42920999895,1948539.8353198606],
[195088.7462306728,1948538.3713622636],
[195089.69228109205,1948537.2343272208],
[195090.7111155057,1948535.8159377463],
[195091.55956088423,1948534.4452873],
[195092.1135771707,1948533.3751346192],
[195092.71246281607,1948532.018843841],
[195093.0961308974,1948530.8674602578],
[195093.43676958318,1948529.3463652248],
[195093.54400455634,1948528.0673379274],
[195093.53418665394,1948526.4050155254],
[195093.4544244094,1948525.0363236647],
[195093.29984291294,1948523.2759892337],
[195093.16434137052,1948521.8400225386],
[195092.99231854058,1948520.0023186188],
[195092.85131141485,1948518.4924176561],
[195092.62491842944,1948516.5736023637],
[195092.43228767917,1948515.0090815518],
[195092.1861194107,1948513.0298342975],
[195091.97703003886,1948511.414295562],
[195091.72584137716,1948509.359905796],
[195091.54775827916,1948507.6936651582],
[195091.37773546635,1948506.003857405],
[195091.14089170232,1948503.8797761805],
[195090.96172175978,1948502.1677134486],
[195090.73341713008,1948500.0388882656],
[195090.57223651846,1948498.3262269625],
[195090.38940268633,1948496.1845708312],
[195090.2186305285,1948494.0520863985],
[195090.07577336766,1948492.3385104036],
[195089.90741000968,1948490.1961598848],
[195089.76603116203,1948488.5216428356],
[195089.58543655399,1948486.5290538548],
[195089.45149220858,1948485.0337867837],
[195089.29967118517,1948483.2820430577],
[195089.18221719435,1948481.9151692048],
[195089.0267397192,1948480.2004071132],
[195088.8917854126,1948478.814281547],
[195088.72638606175,1948477.06780892],
[195088.58444393135,1948475.6867814204],
[195088.41735770673,1948474.0422414525],
[195088.28041375414,1948472.8117623478],
[195088.1191369913,1948471.3702016312],
[195087.9512415501,1948470.314529849],
[195087.66763797772,1948469.1230001496],
[195087.27290634275,1948468.0966089033],
[195086.8916768282,1948467.38411818],
[195086.4218630949,1948466.7640476841],
[195085.71823622388,1948466.1081510738],
[195085.0625173662,1948465.6834414243],
[195084.12079576252,1948465.3275038092],
[195083.09173385095,1948465.0586784133],
[195082.18485587696,1948464.970246786],
[195081.20626630256,1948464.9237986747],
[195079.8605950188,1948464.9647979417],
[195078.37225739437,1948465.0250031757],
[195077.10541399085,1948465.0779879699],
[195075.418901953,1948465.11844964],
[195074.00401235084,1948465.140333029],
[195072.13966843794,1948465.1628464127],
[195070.57985501483,1948465.1780454034],
[195068.95495686468,1948465.1750886606],
[195066.8516444323,1948465.1311553374],
[195065.1197263908,1948465.0752074984],
[195062.89937695098,1948465.001499852],
[195060.75213273396,1948464.9011600565],
[195059.16081075216,1948464.8129345505],
[195057.81469781662,1948464.7390967186],
