[195034.45038222676,1948402.038986119],
[195034.45740896254,1948402.9553649805],
[195034.47714316062,1948404.3357084298],
[195034.48325248904,1948406.0084891294],
[195034.50722609353,1948407.4873034984],
[195034.5058390741,1948409.4342471177],
[195034.51598695747,1948411.0593899789],
[195034.52895666944,1948413.127719842],
[195034.5213669531,1948414.8026493033],
[195034.54160405308,1948416.9405480158],
[195034.5749611538,1948418.6938420718],
[195034.5982949496,1948420.9466168124],
[195034.60959181807,1948422.8010125905],
[195034.61957825016,1948425.1678079679],
[195034.61478123558,1948427.1073082604],
[195034.61217709107,1948429.5716151092],
[195034.60789071064,1948431.5790227973],
[195034.60572462785,1948434.0161272362],
[195034.61187173318,1948435.853849958],
[195034.650371545,1948437.999628358],
[195034.66406876082,1948439.5888525443],
[195034.6994991028,1948441.508394014],
[195034.73085044714,1948443.0164830238],
[195034.77468546276,1948444.887160507],
[195034.79820279707,1948446.3759896716],
[195034.83643246675,1948448.2407382634],
[195034.87023158857,1948449.7252647455],
[195034.87462884313,1948451.5804902539],
[195034.8751241948,1948453.442433383],
[195034.8768682109,1948454.9309792263],
[195034.86956869412,1948456.7806062289],
[195034.8619421564,1948458.2710711262],
[195034.84554783814,1948459.7598588339],
[195034.8168715177,1948461.6135688375],
[195034.78692354646,1948463.0999324573],
[195034.75140234613,1948464.9466965243],
[195034.7237557743,1948466.4189770615],
[195034.6991626961,1948468.2671337745],
[195034.67612562794,1948469.7351789593],
[195034.6496722587,1948471.575274274],
[195034.6230621747,1948473.0428432068],
[195034.61317733905,1948474.888408332],
[195034.6113341094,1948476.7344860977],
[195034.61107644453,1948478.2276902262],
[195034.6169954542,1948480.137001849],
[195034.61670159252,1948481.6855491102],
[195034.62111335443,1948483.6567863245],
[195034.63164488858,1948485.2601889537],
[195034.63627170643,1948487.300070858],
[195034.6243614369,1948488.9515948892],
[195034.62909395064,1948490.6171688556],
[195034.64373992223,1948492.723018953],
[195034.65874754792,1948494.8602903907],
[195034.67914843344,1948496.5809324326],
[195034.7119778366,1948498.7604507282],
[195034.7432298197,1948500.5246417564],
[195034.76964253266,1948502.752932401],
[195034.79393065986,1948504.5477248963],
[195034.79617521327,1948506.3379776978],
[195034.79478924433,1948508.572093029],
[195034.78325402294,1948510.788554497],
[195034.76761952983,1948512.5529576482],
[195034.73985720935,1948514.735695819],
[195034.7081699284,1948516.3963804469],
[195034.67765779825,1948518.337279166],
[195034.65511087634,1948519.7705013328],
[195034.63756538066,1948521.4425853062],
[195034.6333176696,1948522.7417378346],
[195034.64525713967,1948524.3593156438],
[195034.6750884429,1948525.6456352314],
[195034.7295094359,1948527.2576051157],
[195034.80929981958,1948528.5378709799],
[195034.98112246962,1948530.147635018],
[195035.19860505534,1948531.424418373],
[195035.60006637473,1948533.005705375],
[195036.04409638312,1948534.2374857548],
[195036.7481817361,1948535.7345648769],
[195037.45317660802,1948536.8938172068],
[195038.4766803526,1948538.2667750467],
[195039.44785789895,1948539.2818580423],
[195040.7467563006,1948540.5178406842],
[195042.16181418288,1948541.615594154],
[195043.35704792818,1948542.4573483735],
[195044.56030028756,1948543.290934124],
[195046.10955584806,1948544.3043188008],
[195047.37607523202,1948545.0795541077],
[195049.0088035668,1948546.0018689681],
[195050.36769245638,1948546.7063297508],
[195052.1302952846,1948547.5292650692],
[195053.58982450838,1948548.1479696706],
[195055.49061685192,1948548.863951038],
[195057.0669162988,1948549.3743460195],
[195059.12168478878,1948549.9120936377],
[195061.25883601574,1948550.3272791517],
[195063.03021298448,1948550.5365880446],
[195065.31836689968,1948550.616399986],
[195067.18774748308,1948550.5212528738],
[195069.5470660566,1948550.20733932],
[195071.4316929843,1948549.7717558627],
[195073.78349022436,1948549.007441133],
[195075.6212788399,1948548.2199203414],
[195077.4216251227,1948547.2990085206],
[195079.62340815645,1948545.960319925],
[195081.78164351446,1948544.482579691],
[195083.48955397448,1948543.234963209],
[195085.4993552037,1948541.6204833412],
[195086.95787896225,1948540.3119271793],
[195088.5804039832,1948538.6327615578],
[195089.70724812933,1948537.309702606],
[195090.90152427743,1948535.6416793899],
[195091.69754168048,1948534.333010869],
[195092.46154286875,1948532.7186380855],
[195092.9236880003,1948531.41197737],
[195093.3014727463,1948529.7021026905],
[195093.4546448672,1948528.2819771592],
[195093.46564230364,1948526.463690737],
[195093.3970550953,1948524.9778909783],
[195093.24745917504,1948523.1233467753],
[195093.11930588091,1948521.704655909],
[195092.95212463595,1948520.0237443428],
[195092.8091973357,1948518.6969967657],
[195092.59478613615,1948517.0019935488],
[195092.44081828004,1948515.6188473066],
[195092.24049397782,1948513.8476717744],
[195092.06856191438,1948512.3908527496],
[195091.84421234435,1948510.5264655438],
[195091.66165678934,1948508.9926579378],
[195091.43786446264,1948507.0399933476],
[195091.2886701814,1948505.4398547383],
[195091.0828581084,1948503.3916348373],
[195090.893747649,1948501.3004512466],
[195090.75795180316,1948499.5963371021],
[195090.58700086197,1948497.4261715207],
[195090.44840370372,1948495.6513470863],
[195090.27478905034,1948493.40169348],
[195090.13254408987,1948491.5671034746],
[195089.974511376,1948489.7563498765],
[195089.76881379474,1948487.593434076],
[195089.59811873577,1948485.9552735048],
[195089.38912177004,1948483.9552240407],
[195089.2192135319,1948482.3716573806],
[195089.01021318536,1948480.4133791856],
[195088.83440602204,1948478.8980635358],
[195088.63477815152,1948477.0149377228],
[195088.49067854127,1948475.509314633],
[195088.31039333245,1948473.6207643205],
[195088.0981730362,1948471.8062476427],
[195087.86176489523,1948470.451172353],
[195087.36190280563,1948468.9385684116],
[195086.78236585474,1948467.9096478703],
[195085.77252305837,1948466.8771307515],
[195084.82192641127,1948466.2355852227],
[195083.46220416934,1948465.74901725],
[195082.30033611477,1948465.479871129],
[195080.79921241582,1948465.3257902153],
[195079.54735628192,1948465.3078952222],
[195077.9501996726,1948465.240024986],
[195076.64275696632,1948465.2086055202],
[195074.9523151426,1948465.180857001],
[195073.53779564705,1948465.1754268415],
[195071.70003125392,1948465.1773601202],
[195070.17646271634,1948465.1965751208],
[195068.20369112078,1948465.217388455],
[195066.58588063344,1948465.225019031],
[195064.55824410744,1948465.2462133993],
[195062.99938336582,1948465.276098475],
[195061.2040124111,1948465.294849149],
[195059.90732060882,1948465.3091985777],
[195059.08449028814,1948465.303048342],
