[195034.56752898553,1948402.6398625749],
[195034.59971729683,1948403.4458269014],
[195034.62942336328,1948404.2082253934],
[195034.65258084208,1948405.3897543594],
[195034.6733998207,1948406.530620688],
[195034.70188374602,1948408.1632774996],
[195034.6949495629,1948409.5832935218],
[195034.68589768888,1948411.3218115435],
[195034.67055933498,1948412.6381422488],
[195034.64835647258,1948414.2565604895],
[195034.63287083225,1948415.5798231624],
[195034.6013414108,1948417.2970853818],
[195034.5862963795,1948418.7377426808],
[195034.55583668733,1948420.62567351],
[195034.52073164354,1948422.1890655868],
[195034.45887988553,1948424.2125965438],
[195034.4277281874,1948425.9015896274],
[195034.38918234478,1948428.1016429001],
[195034.36346479863,1948429.9499099292],
[195034.36758831065,1948432.374164989],
[195034.35498504154,1948434.318772855],
[195034.34318991489,1948436.2047626837],
[195034.33015415497,1948438.4470062705],
[195034.32160154928,1948440.6928854159],
[195034.32935312725,1948442.5321056002],
[195034.3512676846,1948444.8808065832],
[195034.35825625708,1948446.8082534343],
[195034.37980007206,1948449.293389315],
[195034.38482148002,1948451.3195063435],
[195034.40840838334,1948453.8948522033],
[195034.43191941074,1948455.9747431872],
[195034.43924253804,1948458.527233086],
[195034.4531293962,1948460.4673132284],
[195034.47337867157,1948462.8102487125],
[195034.4936095188,1948464.6577588755],
[195034.51573187814,1948466.9590889288],
[195034.53127291618,1948469.253145866],
[195034.54391274852,1948471.086060316],
[195034.55967884007,1948473.372077012],
[195034.5682275687,1948475.2057589637],
[195034.59717460303,1948477.5057721222],
[195034.61601448673,1948479.359772675],
[195034.63033643534,1948481.2161590802],
[195034.6488324209,1948483.5557316544],
[195034.66453105558,1948485.4420478663],
[195034.68832570218,1948487.8129931595],
[195034.66723113117,1948489.718340126],
[195034.64087650564,1948492.1185354567],
[195034.60800530092,1948494.5404331917],
[195034.57690154033,1948496.4820170691],
[195034.55137380722,1948498.4342718008],
[195034.5238007045,1948500.8865682161],
[195034.49950328557,1948503.3209968382],
[195034.48770086613,1948505.2474070531],
[195034.4879083814,1948507.6214201911],
[195034.49312635907,1948509.494723214],
[195034.51222293894,1948511.8083656062],
[195034.53019327234,1948513.6297887613],
[195034.56375317444,1948515.8835526567],
[195034.58751125573,1948517.6637989376],
[195034.61767881823,1948519.8575229698],
[195034.6490512241,1948521.5903358408],
[195034.6906393031,1948523.7353253455],
[195034.72673340837,1948525.4209957125],
[195034.764065929,1948527.0955048145],
[195034.83943104782,1948529.1506330092],
[195035.12543357897,1948531.1603232175],
[195035.5341605111,1948532.7107105816],
[195036.28682885584,1948534.589615826],
[195037.07093799172,1948536.0237169727],
[195038.3835302026,1948537.6537325701],
[195039.6238657187,1948538.8598924882],
[195041.31820483235,1948540.3453436687],
[195042.75911488084,1948541.4929554523],
[195044.65202445237,1948542.9069704027],
[195046.2172965905,1948544.0138830661],
[195048.2254080993,1948545.2693498249],
[195049.86780904603,1948546.1835252969],
[195051.94844771505,1948547.2091790936],
[195053.6256617216,1948547.938619968],
[195055.72476162016,1948548.7470876926],
[195057.34373489497,1948549.2997778757],
[195059.2990156258,1948549.8341377496],
[195060.87317563512,1948550.141527133],
[195062.8723567554,1948550.4160194614],
[195064.5048066691,1948550.5285718294],
[195066.578699512,1948550.513038153],
[195068.2535569223,1948550.3839935188],
[195070.35991720654,1948550.0878401499],
[195072.0340516525,1948549.7173339971],
[195074.11652531088,1948549.0978369964],
[195076.15629509377,1948548.3096072166],
[195077.7499755091,1948547.5517085209],
[195079.32085639055,1948546.6742663127],
[195081.1989146924,1948545.4474717858],
[195082.99898673236,1948544.0646866565],
[195084.37827579209,1948542.849180971],
[195085.74025198384,1948541.5962599479],
[195087.36279704157,1948540.029352352],
[195088.52663467062,1948538.746208671],
[195089.81134481158,1948537.1848006921],
[195090.8925828904,1948535.62912208],
[195091.62775355406,1948534.408040304],
[195092.38626861744,1948532.801799799],
[195092.8863862654,1948531.432300931],
[195093.2616171985,1948529.6209554113],
[195093.38707023638,1948528.123189966],
[195093.3512979659,1948526.2322523145],
[195093.254346808,1948524.7550473716],
[195093.09580936222,1948523.0020156133],
[195092.97464819308,1948521.6306122737],
[195092.84680656914,1948520.2461925845],
[195092.65609079247,1948518.459908916],
[195092.43646650435,1948516.5945447905],
[195092.25780604925,1948515.0492533136],
[195092.0211686167,1948513.0583207575],
[195091.83314364968,1948511.4098846284],
[195091.6106200879,1948509.2839359974],
[195091.4287641731,1948507.537521268],
[195091.24329573335,1948505.2950903734],
[195091.082158911,1948503.4609960942],
[195090.8652273153,1948501.1236909383],
[195090.70338384062,1948499.2243671692],
[195090.4999458634,1948496.803964631],
[195090.3300267469,1948494.8394803044],
[195090.11177905143,1948492.3534109548],
[195089.91859128818,1948490.3320032237],
[195089.67351715858,1948487.796125482],
[195089.48245663248,1948485.810166011],
[195089.2630194749,1948483.4403774801],
[195089.09381904174,1948481.6518844033],
[195088.88868986617,1948479.5649781115],
[195088.69953466833,1948477.6197010546],
[195088.54763188385,1948476.1526008225],
[195088.40783632392,1948474.6991018292],
[195088.22356673537,1948472.8806259613],
[195088.04797427397,1948471.4311637327],
[195087.69216961364,1948469.7049388431],
[195087.20342293778,1948468.4912783378],
[195086.36004721344,1948467.2430402602],
[195085.27018684146,1948466.2786689824],
[195084.19709895816,1948465.7083898466],
[195082.99095480682,1948465.3143469137],
[195081.2757767941,1948465.1202437829],
[195079.42928043532,1948465.110634122],
[195077.94314405145,1948465.1036651453],
[195076.17697183145,1948465.1198109037],
[195074.80525559917,1948465.111489084],
[195073.38645431364,1948465.1069763398],
[195071.5190497682,1948465.1096510524],
[195069.9417928323,1948465.117375266],
[195067.86458831868,1948465.1000844578],
[195066.16720511744,1948465.0672236446],
[195064.03189091137,1948465.0175704733],
[195062.3798111885,1948464.9821273112],
[195060.46666313108,1948464.9187039242],
[195058.75580466635,1948464.8334040511],
[195057.68498729327,1948464.7877610167],
[195057.47046121795,1948464.7749259437],
