[195076.120221526,1948465.6143369093],
[195075.55786803298,1948465.6141963224],
[195074.8714885684,1948465.6025858484],
[195074.32394846014,1948465.6019008202],
[195073.60110696754,1948465.5895761105],
[195072.97182979184,1948465.5826098989],
[195072.12270695725,1948465.5741078998],
[195071.25461301144,1948465.5684696068],
[195070.54504322977,1948465.562087088],
[195069.80730451422,1948465.5593993024],
[195068.83533939812,1948465.5521623313],
[195068.02054451715,1948465.5363063074],
[195066.94916951263,1948465.525657055],
[195065.83755081784,1948465.5104274596],
[195064.9364121179,1948465.4996426224],
[195064.0732299934,1948465.4967615423],
[195063.46775825953,1948465.4946980616],
