[195087.10287991926,1948472.9428069503],
[195086.98480675937,1948472.1409919388],
[195086.85648882246,1948471.4954836252],
[195086.5919453848,1948470.6176041246],
[195086.2616376039,1948469.8430352015],
[195085.6786824753,1948468.8636611104],
[195085.13786661354,1948468.1619898188],
[195084.40561868472,1948467.4462520962],
[195083.80619293015,1948466.9637128548],
[195082.98882745177,1948466.4617279726],
[195082.239676121,1948466.1439737394],
[195081.22470661142,1948465.821323909],
[195080.820307517,1948465.7426277285],
