[195034.441695213,1948526.0895970792],
[195034.45929722436,1948526.79197088],
[195034.470687754,1948527.3177844223],
[195034.4967578895,1948527.9479718828],
[195034.52589024504,1948528.609204752],
[195034.56761568933,1948529.18406992],
[195034.6491127707,1948529.9794549926],
[195034.74920173167,1948530.6776826882],
[195034.929952464,1948531.625572593],
[195035.13936328373,1948532.455990812],
[195035.49922749543,1948533.5744972152],
[195035.8876338393,1948534.5184064873],
[195036.50952937684,1948535.7207257336],
[195037.12616283871,1948536.680646184],
[195037.82918080367,1948537.629176812],
[195038.84486546973,1948538.7530656985],
[195040.0169085815,1948539.825684778],
[195041.020712197,1948540.647805709],
[195042.34885670216,1948541.6143156185],
[195043.48742096333,1948542.3079536287],
[195044.93801876256,1948543.1655396966],
[195046.12455434725,1948543.840085002],
[195047.6159231335,1948544.6735384923],
[195048.8137943037,1948545.340405758],
[195050.32398805534,1948546.1764480723],
[195051.54341471716,1948546.8251933446],
[195053.0868106206,1948547.6105512888],
[195054.3459354183,1948548.2066229654],
[195055.9601383639,1948548.878310954],
[195057.28184921347,1948549.3639280514],
[195058.9901290042,1948549.891716186],
[195060.40736029076,1948550.2396141617],
[195062.26074966558,1948550.5743788688],
[195063.80684591833,1948550.7456329037],
[195065.7832587437,1948550.8120364673],
[195067.78738491,1948550.7229157928],
[195069.41516360198,1948550.5245231255],
[195071.03753475493,1948550.2069097215],
[195073.06908241453,1948549.6585114389],
[195075.08177053492,1948548.9321624977],
[195076.66109741724,1948548.2274096378],
[195078.59383787954,1948547.2072149215],
[195080.0974202719,1948546.3273959972],
[195081.84241921574,1948545.1862242226],
[195083.14288141154,1948544.2663994008],
[195084.33275420748,1948543.3345114023],
[195085.69153892252,1948542.1961195974],
[195086.67240565323,1948541.308398878],
[195087.77539282152,1948540.2250336949],
[195088.561086547,1948539.3529091105],
[195089.46084447962,1948538.2480776918],
[195090.2626459452,1948537.0813175957],
[195090.82995583868,1948536.1032385232],
[195091.3165863421,1948535.083748317],
[195091.76600208928,1948533.7822376594],
[195091.99980499942,1948532.7687719343],
[195092.16443099667,1948531.5532873834],
[195092.2130293801,1948530.6447279898],
[195092.19896487123,1948529.5817482595],
