[195091.87676715446,1948524.6227029948],
[195091.80286806976,1948523.668666261],
[195091.7140230492,1948522.684822166],
[195091.63419995256,1948521.8677653098],
[195091.5567307408,1948520.981714021],
[195091.43918313927,1948519.763258023],
[195091.33894628487,1948518.69186644],
[195091.20988764934,1948517.236983965],
[195091.08901352715,1948515.9951174937],
[195090.93645327791,1948514.3792755923],
[195090.81474804765,1948513.0537324853],
[195090.64998595245,1948511.3646330086],
[195090.51879221742,1948509.9979784132],
[195090.3495548126,1948508.27100895],
[195090.22761701883,1948506.8690831205],
[195090.0719526366,1948505.097786618],
[195089.91876402518,1948503.3097705853],
[195089.8002557613,1948501.8715669622],
[195089.63665690852,1948500.0621205526],
[195089.5259294289,1948498.6079662468],
[195089.38587333393,1948497.1517035137],
[195089.23215038556,1948495.321475948],
[195089.06062497458,1948493.5016061433],
[195088.91790435632,1948492.0406651988],
[195088.73810265973,1948490.2339272106],
[195088.58531832232,1948488.792286108],
[195088.39376742384,1948487.0028797928],
[195088.23751630486,1948485.623478706],
[195088.0651199066,1948483.9967585246],
[195087.95015999168,1948482.7771931044],
[195087.8306179248,1948481.3566903786],
[195087.7390114621,1948480.255969733],
[195087.666009801,1948479.433452541],
