[195034.30901829907,1948394.06604264],
[195034.31003769342,1948394.103556272],
[195034.31378157568,1948394.245954386],
[195034.31836616367,1948394.4363706892],
[195034.32636967828,1948394.7604669037],
[195034.33286233593,1948395.0805097707],
[195034.34243918132,1948395.5402026523],
[195034.35056697644,1948395.966033437],
[195034.36513699876,1948396.6086701339],
[195034.3833909329,1948397.3719091997],
[195034.39789183857,1948398.0694718617],
[195034.42017017637,1948399.0531291703],
[195034.4360509836,1948399.9257950701],
[195034.46622481913,1948401.1325945086],
[195034.4809820535,1948402.1709841713],
[195034.50741652137,1948403.5558332582],
[195034.53749553554,1948404.7279255379],
[195034.5559631258,1948406.2870586652],
[195034.5773234198,1948407.5769662468],
[195034.58962579974,1948409.253746111],
[195034.59207269285,1948410.6475282013],
[195034.60153748887,1948412.4485818692],
[195034.60318929557,1948413.9080701538],
[195034.61228780905,1948415.737744492],
[195034.6080837638,1948417.1985360733],
[195034.61780896448,1948419.0252662688],
[195034.61178789588,1948420.4788333797],
[195034.5861597074,1948422.2864024576],
[195034.56564557223,1948423.725994391],
[195034.54108600452,1948425.520832698],
[195034.52557321315,1948426.9440030328],
[195034.502827113,1948428.7196624163],
[195034.48324798257,1948430.1350136136],
[195034.4599901532,1948431.8985276758],
[195034.44183260275,1948433.3009386312],
[195034.42271752338,1948435.0550806131],
[195034.40118405898,1948436.460204048],
[195034.38146815804,1948438.2208952839],
[195034.35959161035,1948439.9824224534],
[195034.35268845918,1948441.4050633204],
[195034.3426515482,1948442.834925033],
[195034.33683197174,1948444.6282475428],
[195034.32092814986,1948446.4240087627],
[195034.318337853,1948447.876947994],
[195034.33338401266,1948449.7022382854],
[195034.3223274726,1948451.175260174],
[195034.34810655587,1948452.662366719],
[195034.34653834903,1948454.5352294976],
[195034.3575666814,1948456.043272526],
[195034.3724893056,1948457.9282989022],
[195034.3767493806,1948459.397791702],
[195034.39626097155,1948461.116258312],
[195034.40578199032,1948462.4213296936],
[195034.42370348764,1948464.0248739924],
[195034.43418448325,1948465.3057256846],
[195034.44642178857,1948466.918100586],
[195034.4547073273,1948468.5397537788],
[195034.4590148873,1948469.8376022256],
[195034.46034780052,1948471.1400913128],
[195034.46379943594,1948472.7738872569],
[195034.4650777637,1948474.0945865028],
[195034.47015929484,1948475.7477803295],
[195034.48722007,1948477.4043045517],
[195034.4893218398,1948478.7430099607],
[195034.498373102,1948480.417314856],
[195034.51020058282,1948481.7586473587],
[195034.51453641607,1948483.4443211188],
[195034.52071809984,1948484.7967190803],
[195034.5269156638,1948486.4924965373],
[195034.53512681235,1948487.8508482466],
[195034.53233471606,1948489.548345628],
[195034.5272556151,1948490.907682611],
[195034.54175416383,1948492.6022472112],
[195034.54044658734,1948493.9623789168],
[195034.55282420415,1948495.6526558741],
[195034.55037018418,1948497.0098343063],
[195034.55290331953,1948498.7154023948],
[195034.55740793305,1948500.0822180824],
[195034.5476542233,1948501.796315782],
[195034.542188087,1948503.168541994],
[195034.5214762333,1948504.891274569],
[195034.50672058275,1948506.269913387],
[195034.48730310373,1948507.996007689],
[195034.4687792098,1948509.3792954714],
[195034.45089926803,1948511.0883334426],
[195034.4436143123,1948512.432168731],
[195034.42825725643,1948514.080173059],
[195034.42233290127,1948515.375609209],
[195034.40791406637,1948516.963235758],
[195034.40424281426,1948517.907032371],
